00000.png (512,512,3)
00001.png (512,512,3)
00002.png (512,512,3)
00003.png (512,512,3)
00004.png (512,512,3)
00005.png (512,512,3)
00006.png (512,512,3)
00007.png (512,512,3)
00008.png (512,512,3)
00009.png (512,512,3)
00010.png (512,512,3)
00011.png (512,512,3)
00012.png (512,512,3)
00013.png (512,512,3)
00014.png (512,512,3)
00015.png (512,512,3)
00016.png (512,512,3)
00017.png (512,512,3)
00018.png (512,512,3)
00019.png (512,512,3)
00020.png (512,512,3)
00021.png (512,512,3)
00022.png (512,512,3)
00023.png (512,512,3)
00024.png (512,512,3)
00025.png (512,512,3)
00026.png (512,512,3)
00027.png (512,512,3)
00028.png (512,512,3)
00029.png (512,512,3)
00030.png (512,512,3)
00031.png (512,512,3)
00032.png (512,512,3)
00033.png (512,512,3)
00034.png (512,512,3)
00035.png (512,512,3)
00036.png (512,512,3)
00037.png (512,512,3)
00038.png (512,512,3)
00039.png (512,512,3)
00040.png (512,512,3)
00041.png (512,512,3)
00042.png (512,512,3)
00043.png (512,512,3)
00044.png (512,512,3)
00045.png (512,512,3)
00046.png (512,512,3)
00047.png (512,512,3)
00048.png (512,512,3)
00049.png (512,512,3)
00050.png (512,512,3)
00051.png (512,512,3)
00052.png (512,512,3)
00053.png (512,512,3)
00054.png (512,512,3)
00055.png (512,512,3)
00056.png (512,512,3)
00057.png (512,512,3)
00058.png (512,512,3)
00059.png (512,512,3)
00060.png (512,512,3)
00061.png (512,512,3)
00062.png (512,512,3)
00063.png (512,512,3)
00064.png (512,512,3)
00065.png (512,512,3)
00066.png (512,512,3)
00067.png (512,512,3)
00068.png (512,512,3)
00069.png (512,512,3)
00070.png (512,512,3)
00071.png (512,512,3)
00072.png (512,512,3)
00073.png (512,512,3)
00074.png (512,512,3)
00075.png (512,512,3)
00076.png (512,512,3)
00077.png (512,512,3)
00078.png (512,512,3)
00079.png (512,512,3)
00080.png (512,512,3)
00081.png (512,512,3)
00082.png (512,512,3)
00083.png (512,512,3)
00084.png (512,512,3)
00085.png (512,512,3)
00086.png (512,512,3)
00087.png (512,512,3)
00088.png (512,512,3)
00089.png (512,512,3)
00090.png (512,512,3)
00091.png (512,512,3)
00092.png (512,512,3)
00093.png (512,512,3)
00094.png (512,512,3)
00095.png (512,512,3)
00096.png (512,512,3)
00097.png (512,512,3)
00098.png (512,512,3)
00099.png (512,512,3)
00100.png (512,512,3)
00101.png (512,512,3)
00102.png (512,512,3)
00103.png (512,512,3)
00104.png (512,512,3)
00105.png (512,512,3)
00106.png (512,512,3)
00107.png (512,512,3)
00108.png (512,512,3)
00109.png (512,512,3)
00110.png (512,512,3)
00111.png (512,512,3)
00112.png (512,512,3)
00113.png (512,512,3)
00114.png (512,512,3)
00115.png (512,512,3)
00116.png (512,512,3)
00117.png (512,512,3)
00118.png (512,512,3)
00119.png (512,512,3)
00120.png (512,512,3)
00121.png (512,512,3)
00122.png (512,512,3)
00123.png (512,512,3)
00124.png (512,512,3)
00125.png (512,512,3)
00126.png (512,512,3)
00127.png (512,512,3)
00128.png (512,512,3)
00129.png (512,512,3)
00130.png (512,512,3)
00131.png (512,512,3)
00132.png (512,512,3)
00133.png (512,512,3)
00134.png (512,512,3)
00135.png (512,512,3)
00136.png (512,512,3)
00137.png (512,512,3)
00138.png (512,512,3)
00139.png (512,512,3)
00140.png (512,512,3)
00141.png (512,512,3)
00142.png (512,512,3)
00143.png (512,512,3)
00144.png (512,512,3)
00145.png (512,512,3)
00146.png (512,512,3)
00147.png (512,512,3)
00148.png (512,512,3)
00149.png (512,512,3)
00150.png (512,512,3)
00151.png (512,512,3)
00152.png (512,512,3)
00153.png (512,512,3)
00154.png (512,512,3)
00155.png (512,512,3)
00156.png (512,512,3)
00157.png (512,512,3)
00158.png (512,512,3)
00159.png (512,512,3)
00160.png (512,512,3)
00161.png (512,512,3)
00162.png (512,512,3)
00163.png (512,512,3)
00164.png (512,512,3)
00165.png (512,512,3)
00166.png (512,512,3)
00167.png (512,512,3)
00168.png (512,512,3)
00169.png (512,512,3)
00170.png (512,512,3)
00171.png (512,512,3)
00172.png (512,512,3)
00173.png (512,512,3)
00174.png (512,512,3)
00175.png (512,512,3)
00176.png (512,512,3)
00177.png (512,512,3)
00178.png (512,512,3)
00179.png (512,512,3)
00180.png (512,512,3)
00181.png (512,512,3)
00182.png (512,512,3)
00183.png (512,512,3)
00184.png (512,512,3)
00185.png (512,512,3)
00186.png (512,512,3)
00187.png (512,512,3)
00188.png (512,512,3)
00189.png (512,512,3)
00190.png (512,512,3)
00191.png (512,512,3)
00192.png (512,512,3)
00193.png (512,512,3)
00194.png (512,512,3)
00195.png (512,512,3)
00196.png (512,512,3)
00197.png (512,512,3)
00198.png (512,512,3)
00199.png (512,512,3)
00200.png (512,512,3)
00201.png (512,512,3)
00202.png (512,512,3)
00203.png (512,512,3)
00204.png (512,512,3)
00205.png (512,512,3)
00206.png (512,512,3)
00207.png (512,512,3)
00208.png (512,512,3)
00209.png (512,512,3)
00210.png (512,512,3)
00211.png (512,512,3)
00212.png (512,512,3)
00213.png (512,512,3)
00214.png (512,512,3)
00215.png (512,512,3)
00216.png (512,512,3)
00217.png (512,512,3)
00218.png (512,512,3)
00219.png (512,512,3)
00220.png (512,512,3)
00221.png (512,512,3)
00222.png (512,512,3)
00223.png (512,512,3)
00224.png (512,512,3)
00225.png (512,512,3)
00226.png (512,512,3)
00227.png (512,512,3)
00228.png (512,512,3)
00229.png (512,512,3)
00230.png (512,512,3)
00231.png (512,512,3)
00232.png (512,512,3)
00233.png (512,512,3)
00234.png (512,512,3)
00235.png (512,512,3)
00236.png (512,512,3)
00237.png (512,512,3)
00238.png (512,512,3)
00239.png (512,512,3)
00240.png (512,512,3)
00241.png (512,512,3)
00242.png (512,512,3)
00243.png (512,512,3)
00244.png (512,512,3)
00245.png (512,512,3)
00246.png (512,512,3)
00247.png (512,512,3)
00248.png (512,512,3)
00249.png (512,512,3)
00250.png (512,512,3)
00251.png (512,512,3)
00252.png (512,512,3)
00253.png (512,512,3)
00254.png (512,512,3)
00255.png (512,512,3)
00256.png (512,512,3)
00257.png (512,512,3)
00258.png (512,512,3)
00259.png (512,512,3)
00260.png (512,512,3)
00261.png (512,512,3)
00262.png (512,512,3)
00263.png (512,512,3)
00264.png (512,512,3)
00265.png (512,512,3)
00266.png (512,512,3)
00267.png (512,512,3)
00268.png (512,512,3)
00269.png (512,512,3)
00270.png (512,512,3)
00271.png (512,512,3)
00272.png (512,512,3)
00273.png (512,512,3)
00274.png (512,512,3)
00275.png (512,512,3)
00276.png (512,512,3)
00277.png (512,512,3)
00278.png (512,512,3)
00279.png (512,512,3)
00280.png (512,512,3)
00281.png (512,512,3)
00282.png (512,512,3)
00283.png (512,512,3)
00284.png (512,512,3)
00285.png (512,512,3)
00286.png (512,512,3)
00287.png (512,512,3)
00288.png (512,512,3)
00289.png (512,512,3)
00290.png (512,512,3)
00291.png (512,512,3)
00292.png (512,512,3)
00293.png (512,512,3)
00294.png (512,512,3)
00295.png (512,512,3)
00296.png (512,512,3)
00297.png (512,512,3)
00298.png (512,512,3)
00299.png (512,512,3)
00300.png (512,512,3)
00301.png (512,512,3)
00302.png (512,512,3)
00303.png (512,512,3)
00304.png (512,512,3)
00305.png (512,512,3)
00306.png (512,512,3)
00307.png (512,512,3)
00308.png (512,512,3)
00309.png (512,512,3)
00310.png (512,512,3)
00311.png (512,512,3)
00312.png (512,512,3)
00313.png (512,512,3)
00314.png (512,512,3)
00315.png (512,512,3)
00316.png (512,512,3)
00317.png (512,512,3)
00318.png (512,512,3)
00319.png (512,512,3)
00320.png (512,512,3)
00321.png (512,512,3)
00322.png (512,512,3)
00323.png (512,512,3)
00324.png (512,512,3)
00325.png (512,512,3)
00326.png (512,512,3)
00327.png (512,512,3)
00328.png (512,512,3)
00329.png (512,512,3)
00330.png (512,512,3)
00331.png (512,512,3)
00332.png (512,512,3)
00333.png (512,512,3)
00334.png (512,512,3)
00335.png (512,512,3)
00336.png (512,512,3)
00337.png (512,512,3)
00338.png (512,512,3)
00339.png (512,512,3)
00340.png (512,512,3)
00341.png (512,512,3)
00342.png (512,512,3)
00343.png (512,512,3)
00344.png (512,512,3)
00345.png (512,512,3)
00346.png (512,512,3)
00347.png (512,512,3)
00348.png (512,512,3)
00349.png (512,512,3)
00350.png (512,512,3)
00351.png (512,512,3)
00352.png (512,512,3)
00353.png (512,512,3)
00354.png (512,512,3)
00355.png (512,512,3)
00356.png (512,512,3)
00357.png (512,512,3)
00358.png (512,512,3)
00359.png (512,512,3)
00360.png (512,512,3)
00361.png (512,512,3)
00362.png (512,512,3)
00363.png (512,512,3)
00364.png (512,512,3)
00365.png (512,512,3)
00366.png (512,512,3)
00367.png (512,512,3)
00368.png (512,512,3)
00369.png (512,512,3)
00370.png (512,512,3)
00371.png (512,512,3)
00372.png (512,512,3)
00373.png (512,512,3)
00374.png (512,512,3)
00375.png (512,512,3)
00376.png (512,512,3)
00377.png (512,512,3)
00378.png (512,512,3)
00379.png (512,512,3)
00380.png (512,512,3)
00381.png (512,512,3)
00382.png (512,512,3)
00383.png (512,512,3)
00384.png (512,512,3)
00385.png (512,512,3)
00386.png (512,512,3)
00387.png (512,512,3)
00388.png (512,512,3)
00389.png (512,512,3)
00390.png (512,512,3)
00391.png (512,512,3)
00392.png (512,512,3)
00393.png (512,512,3)
00394.png (512,512,3)
00395.png (512,512,3)
00396.png (512,512,3)
00397.png (512,512,3)
00398.png (512,512,3)
00399.png (512,512,3)
00400.png (512,512,3)
00401.png (512,512,3)
00402.png (512,512,3)
00403.png (512,512,3)
00404.png (512,512,3)
00405.png (512,512,3)
00406.png (512,512,3)
00407.png (512,512,3)
00408.png (512,512,3)
00409.png (512,512,3)
00410.png (512,512,3)
00411.png (512,512,3)
00412.png (512,512,3)
00413.png (512,512,3)
00414.png (512,512,3)
00415.png (512,512,3)
00416.png (512,512,3)
00417.png (512,512,3)
00418.png (512,512,3)
00419.png (512,512,3)
00420.png (512,512,3)
00421.png (512,512,3)
00422.png (512,512,3)
00423.png (512,512,3)
00424.png (512,512,3)
00425.png (512,512,3)
00426.png (512,512,3)
00427.png (512,512,3)
00428.png (512,512,3)
00429.png (512,512,3)
00430.png (512,512,3)
00431.png (512,512,3)
00432.png (512,512,3)
00433.png (512,512,3)
00434.png (512,512,3)
00435.png (512,512,3)
00436.png (512,512,3)
00437.png (512,512,3)
00438.png (512,512,3)
00439.png (512,512,3)
00440.png (512,512,3)
00441.png (512,512,3)
00442.png (512,512,3)
00443.png (512,512,3)
00444.png (512,512,3)
00445.png (512,512,3)
00446.png (512,512,3)
00447.png (512,512,3)
00448.png (512,512,3)
00449.png (512,512,3)
00450.png (512,512,3)
00451.png (512,512,3)
00452.png (512,512,3)
00453.png (512,512,3)
00454.png (512,512,3)
00455.png (512,512,3)
00456.png (512,512,3)
00457.png (512,512,3)
00458.png (512,512,3)
00459.png (512,512,3)
00460.png (512,512,3)
00461.png (512,512,3)
00462.png (512,512,3)
00463.png (512,512,3)
00464.png (512,512,3)
00465.png (512,512,3)
00466.png (512,512,3)
00467.png (512,512,3)
00468.png (512,512,3)
00469.png (512,512,3)
00470.png (512,512,3)
00471.png (512,512,3)
00472.png (512,512,3)
00473.png (512,512,3)
00474.png (512,512,3)
00475.png (512,512,3)
00476.png (512,512,3)
00477.png (512,512,3)
00478.png (512,512,3)
00479.png (512,512,3)
00480.png (512,512,3)
00481.png (512,512,3)
00482.png (512,512,3)
00483.png (512,512,3)
00484.png (512,512,3)
00485.png (512,512,3)
00486.png (512,512,3)
00487.png (512,512,3)
00488.png (512,512,3)
00489.png (512,512,3)
00490.png (512,512,3)
00491.png (512,512,3)
00492.png (512,512,3)
00493.png (512,512,3)
00494.png (512,512,3)
00495.png (512,512,3)
00496.png (512,512,3)
00497.png (512,512,3)
00498.png (512,512,3)
00499.png (512,512,3)
00500.png (512,512,3)
00501.png (512,512,3)
00502.png (512,512,3)
00503.png (512,512,3)
00504.png (512,512,3)
00505.png (512,512,3)
00506.png (512,512,3)
00507.png (512,512,3)
00508.png (512,512,3)
00509.png (512,512,3)
00510.png (512,512,3)
00511.png (512,512,3)
00512.png (512,512,3)
00513.png (512,512,3)
00514.png (512,512,3)
00515.png (512,512,3)
00516.png (512,512,3)
00517.png (512,512,3)
00518.png (512,512,3)
00519.png (512,512,3)
00520.png (512,512,3)
00521.png (512,512,3)
00522.png (512,512,3)
00523.png (512,512,3)
00524.png (512,512,3)
00525.png (512,512,3)
00526.png (512,512,3)
00527.png (512,512,3)
00528.png (512,512,3)
00529.png (512,512,3)
00530.png (512,512,3)
00531.png (512,512,3)
00532.png (512,512,3)
00533.png (512,512,3)
00534.png (512,512,3)
00535.png (512,512,3)
00536.png (512,512,3)
00537.png (512,512,3)
00538.png (512,512,3)
00539.png (512,512,3)
00540.png (512,512,3)
00541.png (512,512,3)
00542.png (512,512,3)
00543.png (512,512,3)
00544.png (512,512,3)
00545.png (512,512,3)
00546.png (512,512,3)
00547.png (512,512,3)
00548.png (512,512,3)
00549.png (512,512,3)
00550.png (512,512,3)
00551.png (512,512,3)
00552.png (512,512,3)
00553.png (512,512,3)
00554.png (512,512,3)
00555.png (512,512,3)
00556.png (512,512,3)
00557.png (512,512,3)
00558.png (512,512,3)
00559.png (512,512,3)
00560.png (512,512,3)
00561.png (512,512,3)
00562.png (512,512,3)
00563.png (512,512,3)
00564.png (512,512,3)
00565.png (512,512,3)
00566.png (512,512,3)
00567.png (512,512,3)
00568.png (512,512,3)
00569.png (512,512,3)
00570.png (512,512,3)
00571.png (512,512,3)
00572.png (512,512,3)
00573.png (512,512,3)
00574.png (512,512,3)
00575.png (512,512,3)
00576.png (512,512,3)
00577.png (512,512,3)
00578.png (512,512,3)
00579.png (512,512,3)
00580.png (512,512,3)
00581.png (512,512,3)
00582.png (512,512,3)
00583.png (512,512,3)
00584.png (512,512,3)
00585.png (512,512,3)
00586.png (512,512,3)
00587.png (512,512,3)
00588.png (512,512,3)
00589.png (512,512,3)
00590.png (512,512,3)
00591.png (512,512,3)
00592.png (512,512,3)
00593.png (512,512,3)
00594.png (512,512,3)
00595.png (512,512,3)
00596.png (512,512,3)
00597.png (512,512,3)
00598.png (512,512,3)
00599.png (512,512,3)
00600.png (512,512,3)
00601.png (512,512,3)
00602.png (512,512,3)
00603.png (512,512,3)
00604.png (512,512,3)
00605.png (512,512,3)
00606.png (512,512,3)
00607.png (512,512,3)
00608.png (512,512,3)
00609.png (512,512,3)
00610.png (512,512,3)
00611.png (512,512,3)
00612.png (512,512,3)
00613.png (512,512,3)
00614.png (512,512,3)
00615.png (512,512,3)
00616.png (512,512,3)
00617.png (512,512,3)
00618.png (512,512,3)
00619.png (512,512,3)
00620.png (512,512,3)
00621.png (512,512,3)
00622.png (512,512,3)
00623.png (512,512,3)
00624.png (512,512,3)
00625.png (512,512,3)
00626.png (512,512,3)
00627.png (512,512,3)
00628.png (512,512,3)
00629.png (512,512,3)
00630.png (512,512,3)
00631.png (512,512,3)
00632.png (512,512,3)
00633.png (512,512,3)
00634.png (512,512,3)
00635.png (512,512,3)
00636.png (512,512,3)
00637.png (512,512,3)
00638.png (512,512,3)
00639.png (512,512,3)
00640.png (512,512,3)
00641.png (512,512,3)
00642.png (512,512,3)
00643.png (512,512,3)
00644.png (512,512,3)
00645.png (512,512,3)
00646.png (512,512,3)
00647.png (512,512,3)
00648.png (512,512,3)
00649.png (512,512,3)
00650.png (512,512,3)
00651.png (512,512,3)
00652.png (512,512,3)
00653.png (512,512,3)
00654.png (512,512,3)
00655.png (512,512,3)
00656.png (512,512,3)
00657.png (512,512,3)
00658.png (512,512,3)
00659.png (512,512,3)
00660.png (512,512,3)
00661.png (512,512,3)
00662.png (512,512,3)
00663.png (512,512,3)
00664.png (512,512,3)
00665.png (512,512,3)
00666.png (512,512,3)
00667.png (512,512,3)
00668.png (512,512,3)
00669.png (512,512,3)
00670.png (512,512,3)
00671.png (512,512,3)
00672.png (512,512,3)
00673.png (512,512,3)
00674.png (512,512,3)
00675.png (512,512,3)
00676.png (512,512,3)
00677.png (512,512,3)
00678.png (512,512,3)
00679.png (512,512,3)
00680.png (512,512,3)
00681.png (512,512,3)
00682.png (512,512,3)
00683.png (512,512,3)
00684.png (512,512,3)
00685.png (512,512,3)
00686.png (512,512,3)
00687.png (512,512,3)
00688.png (512,512,3)
00689.png (512,512,3)
00690.png (512,512,3)
00691.png (512,512,3)
00692.png (512,512,3)
00693.png (512,512,3)
00694.png (512,512,3)
00695.png (512,512,3)
00696.png (512,512,3)
00697.png (512,512,3)
00698.png (512,512,3)
00699.png (512,512,3)
00700.png (512,512,3)
00701.png (512,512,3)
00702.png (512,512,3)
00703.png (512,512,3)
00704.png (512,512,3)
00705.png (512,512,3)
00706.png (512,512,3)
00707.png (512,512,3)
00708.png (512,512,3)
00709.png (512,512,3)
00710.png (512,512,3)
00711.png (512,512,3)
00712.png (512,512,3)
00713.png (512,512,3)
00714.png (512,512,3)
00715.png (512,512,3)
00716.png (512,512,3)
00717.png (512,512,3)
00718.png (512,512,3)
00719.png (512,512,3)
00720.png (512,512,3)
00721.png (512,512,3)
00722.png (512,512,3)
00723.png (512,512,3)
00724.png (512,512,3)
00725.png (512,512,3)
00726.png (512,512,3)
00727.png (512,512,3)
00728.png (512,512,3)
00729.png (512,512,3)
00730.png (512,512,3)
00731.png (512,512,3)
00732.png (512,512,3)
00733.png (512,512,3)
00734.png (512,512,3)
00735.png (512,512,3)
00736.png (512,512,3)
00737.png (512,512,3)
00738.png (512,512,3)
00739.png (512,512,3)
00740.png (512,512,3)
00741.png (512,512,3)
00742.png (512,512,3)
00743.png (512,512,3)
00744.png (512,512,3)
00745.png (512,512,3)
00746.png (512,512,3)
00747.png (512,512,3)
00748.png (512,512,3)
00749.png (512,512,3)
00750.png (512,512,3)
00751.png (512,512,3)
00752.png (512,512,3)
00753.png (512,512,3)
00754.png (512,512,3)
00755.png (512,512,3)
00756.png (512,512,3)
00757.png (512,512,3)
00758.png (512,512,3)
00759.png (512,512,3)
00760.png (512,512,3)
00761.png (512,512,3)
00762.png (512,512,3)
00763.png (512,512,3)
00764.png (512,512,3)
00765.png (512,512,3)
00766.png (512,512,3)
00767.png (512,512,3)
00768.png (512,512,3)
00769.png (512,512,3)
00770.png (512,512,3)
00771.png (512,512,3)
00772.png (512,512,3)
00773.png (512,512,3)
00774.png (512,512,3)
00775.png (512,512,3)
00776.png (512,512,3)
00777.png (512,512,3)
00778.png (512,512,3)
00779.png (512,512,3)
00780.png (512,512,3)
00781.png (512,512,3)
00782.png (512,512,3)
00783.png (512,512,3)
00784.png (512,512,3)
00785.png (512,512,3)
00786.png (512,512,3)
00787.png (512,512,3)
00788.png (512,512,3)
00789.png (512,512,3)
00790.png (512,512,3)
00791.png (512,512,3)
00792.png (512,512,3)
00793.png (512,512,3)
00794.png (512,512,3)
00795.png (512,512,3)
00796.png (512,512,3)
00797.png (512,512,3)
00798.png (512,512,3)
00799.png (512,512,3)
00800.png (512,512,3)
00801.png (512,512,3)
00802.png (512,512,3)
00803.png (512,512,3)
00804.png (512,512,3)
00805.png (512,512,3)
00806.png (512,512,3)
00807.png (512,512,3)
00808.png (512,512,3)
00809.png (512,512,3)
00810.png (512,512,3)
00811.png (512,512,3)
00812.png (512,512,3)
00813.png (512,512,3)
00814.png (512,512,3)
00815.png (512,512,3)
00816.png (512,512,3)
00817.png (512,512,3)
00818.png (512,512,3)
00819.png (512,512,3)
00820.png (512,512,3)
00821.png (512,512,3)
00822.png (512,512,3)
00823.png (512,512,3)
00824.png (512,512,3)
00825.png (512,512,3)
00826.png (512,512,3)
00827.png (512,512,3)
00828.png (512,512,3)
00829.png (512,512,3)
00830.png (512,512,3)
00831.png (512,512,3)
00832.png (512,512,3)
00833.png (512,512,3)
00834.png (512,512,3)
00835.png (512,512,3)
00836.png (512,512,3)
00837.png (512,512,3)
00838.png (512,512,3)
00839.png (512,512,3)
00840.png (512,512,3)
00841.png (512,512,3)
00842.png (512,512,3)
00843.png (512,512,3)
00844.png (512,512,3)
00845.png (512,512,3)
00846.png (512,512,3)
00847.png (512,512,3)
00848.png (512,512,3)
00849.png (512,512,3)
00850.png (512,512,3)
00851.png (512,512,3)
00852.png (512,512,3)
00853.png (512,512,3)
00854.png (512,512,3)
00855.png (512,512,3)
00856.png (512,512,3)
00857.png (512,512,3)
00858.png (512,512,3)
00859.png (512,512,3)
00860.png (512,512,3)
00861.png (512,512,3)
00862.png (512,512,3)
00863.png (512,512,3)
00864.png (512,512,3)
00865.png (512,512,3)
00866.png (512,512,3)
00867.png (512,512,3)
00868.png (512,512,3)
00869.png (512,512,3)
00870.png (512,512,3)
00871.png (512,512,3)
00872.png (512,512,3)
00873.png (512,512,3)
00874.png (512,512,3)
00875.png (512,512,3)
00876.png (512,512,3)
00877.png (512,512,3)
00878.png (512,512,3)
00879.png (512,512,3)
00880.png (512,512,3)
00881.png (512,512,3)
00882.png (512,512,3)
00883.png (512,512,3)
00884.png (512,512,3)
00885.png (512,512,3)
00886.png (512,512,3)
00887.png (512,512,3)
00888.png (512,512,3)
00889.png (512,512,3)
00890.png (512,512,3)
00891.png (512,512,3)
00892.png (512,512,3)
00893.png (512,512,3)
00894.png (512,512,3)
00895.png (512,512,3)
00896.png (512,512,3)
00897.png (512,512,3)
00898.png (512,512,3)
00899.png (512,512,3)
00900.png (512,512,3)
00901.png (512,512,3)
00902.png (512,512,3)
00903.png (512,512,3)
00904.png (512,512,3)
00905.png (512,512,3)
00906.png (512,512,3)
00907.png (512,512,3)
00908.png (512,512,3)
00909.png (512,512,3)
00910.png (512,512,3)
00911.png (512,512,3)
00912.png (512,512,3)
00913.png (512,512,3)
00914.png (512,512,3)
00915.png (512,512,3)
00916.png (512,512,3)
00917.png (512,512,3)
00918.png (512,512,3)
00919.png (512,512,3)
00920.png (512,512,3)
00921.png (512,512,3)
00922.png (512,512,3)
00923.png (512,512,3)
00924.png (512,512,3)
00925.png (512,512,3)
00926.png (512,512,3)
00927.png (512,512,3)
00928.png (512,512,3)
00929.png (512,512,3)
00930.png (512,512,3)
00931.png (512,512,3)
00932.png (512,512,3)
00933.png (512,512,3)
00934.png (512,512,3)
00935.png (512,512,3)
00936.png (512,512,3)
00937.png (512,512,3)
00938.png (512,512,3)
00939.png (512,512,3)
00940.png (512,512,3)
00941.png (512,512,3)
00942.png (512,512,3)
00943.png (512,512,3)
00944.png (512,512,3)
00945.png (512,512,3)
00946.png (512,512,3)
00947.png (512,512,3)
00948.png (512,512,3)
00949.png (512,512,3)
00950.png (512,512,3)
00951.png (512,512,3)
00952.png (512,512,3)
00953.png (512,512,3)
00954.png (512,512,3)
00955.png (512,512,3)
00956.png (512,512,3)
00957.png (512,512,3)
00958.png (512,512,3)
00959.png (512,512,3)
00960.png (512,512,3)
00961.png (512,512,3)
00962.png (512,512,3)
00963.png (512,512,3)
00964.png (512,512,3)
00965.png (512,512,3)
00966.png (512,512,3)
00967.png (512,512,3)
00968.png (512,512,3)
00969.png (512,512,3)
00970.png (512,512,3)
00971.png (512,512,3)
00972.png (512,512,3)
00973.png (512,512,3)
00974.png (512,512,3)
00975.png (512,512,3)
00976.png (512,512,3)
00977.png (512,512,3)
00978.png (512,512,3)
00979.png (512,512,3)
00980.png (512,512,3)
00981.png (512,512,3)
00982.png (512,512,3)
00983.png (512,512,3)
00984.png (512,512,3)
00985.png (512,512,3)
00986.png (512,512,3)
00987.png (512,512,3)
00988.png (512,512,3)
00989.png (512,512,3)
00990.png (512,512,3)
00991.png (512,512,3)
00992.png (512,512,3)
00993.png (512,512,3)
00994.png (512,512,3)
00995.png (512,512,3)
00996.png (512,512,3)
00997.png (512,512,3)
00998.png (512,512,3)
00999.png (512,512,3)
01000.png (512,512,3)
01001.png (512,512,3)
01002.png (512,512,3)
01003.png (512,512,3)
01004.png (512,512,3)
01005.png (512,512,3)
01006.png (512,512,3)
01007.png (512,512,3)
01008.png (512,512,3)
01009.png (512,512,3)
01010.png (512,512,3)
01011.png (512,512,3)
01012.png (512,512,3)
01013.png (512,512,3)
01014.png (512,512,3)
01015.png (512,512,3)
01016.png (512,512,3)
01017.png (512,512,3)
01018.png (512,512,3)
01019.png (512,512,3)
01020.png (512,512,3)
01021.png (512,512,3)
01022.png (512,512,3)
01023.png (512,512,3)
01024.png (512,512,3)
01025.png (512,512,3)
01026.png (512,512,3)
01027.png (512,512,3)
01028.png (512,512,3)
01029.png (512,512,3)
01030.png (512,512,3)
01031.png (512,512,3)
01032.png (512,512,3)
01033.png (512,512,3)
01034.png (512,512,3)
01035.png (512,512,3)
01036.png (512,512,3)
01037.png (512,512,3)
01038.png (512,512,3)
01039.png (512,512,3)
01040.png (512,512,3)
01041.png (512,512,3)
01042.png (512,512,3)
01043.png (512,512,3)
01044.png (512,512,3)
01045.png (512,512,3)
01046.png (512,512,3)
01047.png (512,512,3)
01048.png (512,512,3)
01049.png (512,512,3)
01050.png (512,512,3)
01051.png (512,512,3)
01052.png (512,512,3)
01053.png (512,512,3)
01054.png (512,512,3)
01055.png (512,512,3)
01056.png (512,512,3)
01057.png (512,512,3)
01058.png (512,512,3)
01059.png (512,512,3)
01060.png (512,512,3)
01061.png (512,512,3)
01062.png (512,512,3)
01063.png (512,512,3)
01064.png (512,512,3)
01065.png (512,512,3)
01066.png (512,512,3)
01067.png (512,512,3)
01068.png (512,512,3)
01069.png (512,512,3)
01070.png (512,512,3)
01071.png (512,512,3)
01072.png (512,512,3)
01073.png (512,512,3)
01074.png (512,512,3)
01075.png (512,512,3)
01076.png (512,512,3)
01077.png (512,512,3)
01078.png (512,512,3)
01079.png (512,512,3)
01080.png (512,512,3)
01081.png (512,512,3)
01082.png (512,512,3)
01083.png (512,512,3)
01084.png (512,512,3)
01085.png (512,512,3)
01086.png (512,512,3)
01087.png (512,512,3)
01088.png (512,512,3)
01089.png (512,512,3)
01090.png (512,512,3)
01091.png (512,512,3)
01092.png (512,512,3)
01093.png (512,512,3)
01094.png (512,512,3)
01095.png (512,512,3)
01096.png (512,512,3)
01097.png (512,512,3)
01098.png (512,512,3)
01099.png (512,512,3)
01100.png (512,512,3)
01101.png (512,512,3)
01102.png (512,512,3)
01103.png (512,512,3)
01104.png (512,512,3)
01105.png (512,512,3)
01106.png (512,512,3)
01107.png (512,512,3)
01108.png (512,512,3)
01109.png (512,512,3)
01110.png (512,512,3)
01111.png (512,512,3)
01112.png (512,512,3)
01113.png (512,512,3)
01114.png (512,512,3)
01115.png (512,512,3)
01116.png (512,512,3)
01117.png (512,512,3)
01118.png (512,512,3)
01119.png (512,512,3)
01120.png (512,512,3)
01121.png (512,512,3)
01122.png (512,512,3)
01123.png (512,512,3)
01124.png (512,512,3)
01125.png (512,512,3)
01126.png (512,512,3)
01127.png (512,512,3)
01128.png (512,512,3)
01129.png (512,512,3)
01130.png (512,512,3)
01131.png (512,512,3)
01132.png (512,512,3)
01133.png (512,512,3)
01134.png (512,512,3)
01135.png (512,512,3)
01136.png (512,512,3)
01137.png (512,512,3)
01138.png (512,512,3)
01139.png (512,512,3)
01140.png (512,512,3)
01141.png (512,512,3)
01142.png (512,512,3)
01143.png (512,512,3)
01144.png (512,512,3)
01145.png (512,512,3)
01146.png (512,512,3)
01147.png (512,512,3)
01148.png (512,512,3)
01149.png (512,512,3)
01150.png (512,512,3)
01151.png (512,512,3)
01152.png (512,512,3)
01153.png (512,512,3)
01154.png (512,512,3)
01155.png (512,512,3)
01156.png (512,512,3)
01157.png (512,512,3)
01158.png (512,512,3)
01159.png (512,512,3)
01160.png (512,512,3)
01161.png (512,512,3)
01162.png (512,512,3)
01163.png (512,512,3)
01164.png (512,512,3)
01165.png (512,512,3)
01166.png (512,512,3)
01167.png (512,512,3)
01168.png (512,512,3)
01169.png (512,512,3)
01170.png (512,512,3)
01171.png (512,512,3)
01172.png (512,512,3)
01173.png (512,512,3)
01174.png (512,512,3)
01175.png (512,512,3)
01176.png (512,512,3)
01177.png (512,512,3)
01178.png (512,512,3)
01179.png (512,512,3)
01180.png (512,512,3)
01181.png (512,512,3)
01182.png (512,512,3)
01183.png (512,512,3)
01184.png (512,512,3)
01185.png (512,512,3)
01186.png (512,512,3)
01187.png (512,512,3)
01188.png (512,512,3)
01189.png (512,512,3)
01190.png (512,512,3)
01191.png (512,512,3)
01192.png (512,512,3)
01193.png (512,512,3)
01194.png (512,512,3)
01195.png (512,512,3)
01196.png (512,512,3)
01197.png (512,512,3)
01198.png (512,512,3)
01199.png (512,512,3)
01200.png (512,512,3)
01201.png (512,512,3)
01202.png (512,512,3)
01203.png (512,512,3)
01204.png (512,512,3)
01205.png (512,512,3)
01206.png (512,512,3)
01207.png (512,512,3)
01208.png (512,512,3)
01209.png (512,512,3)
01210.png (512,512,3)
01211.png (512,512,3)
01212.png (512,512,3)
01213.png (512,512,3)
01214.png (512,512,3)
01215.png (512,512,3)
01216.png (512,512,3)
01217.png (512,512,3)
01218.png (512,512,3)
01219.png (512,512,3)
01220.png (512,512,3)
01221.png (512,512,3)
01222.png (512,512,3)
01223.png (512,512,3)
01224.png (512,512,3)
01225.png (512,512,3)
01226.png (512,512,3)
01227.png (512,512,3)
01228.png (512,512,3)
01229.png (512,512,3)
01230.png (512,512,3)
01231.png (512,512,3)
01232.png (512,512,3)
01233.png (512,512,3)
01234.png (512,512,3)
01235.png (512,512,3)
01236.png (512,512,3)
01237.png (512,512,3)
01238.png (512,512,3)
01239.png (512,512,3)
01240.png (512,512,3)
01241.png (512,512,3)
01242.png (512,512,3)
01243.png (512,512,3)
01244.png (512,512,3)
01245.png (512,512,3)
01246.png (512,512,3)
01247.png (512,512,3)
01248.png (512,512,3)
01249.png (512,512,3)
01250.png (512,512,3)
01251.png (512,512,3)
01252.png (512,512,3)
01253.png (512,512,3)
01254.png (512,512,3)
01255.png (512,512,3)
01256.png (512,512,3)
01257.png (512,512,3)
01258.png (512,512,3)
01259.png (512,512,3)
01260.png (512,512,3)
01261.png (512,512,3)
01262.png (512,512,3)
01263.png (512,512,3)
01264.png (512,512,3)
01265.png (512,512,3)
01266.png (512,512,3)
01267.png (512,512,3)
01268.png (512,512,3)
01269.png (512,512,3)
01270.png (512,512,3)
01271.png (512,512,3)
01272.png (512,512,3)
01273.png (512,512,3)
01274.png (512,512,3)
01275.png (512,512,3)
01276.png (512,512,3)
01277.png (512,512,3)
01278.png (512,512,3)
01279.png (512,512,3)
01280.png (512,512,3)
01281.png (512,512,3)
01282.png (512,512,3)
01283.png (512,512,3)
01284.png (512,512,3)
01285.png (512,512,3)
01286.png (512,512,3)
01287.png (512,512,3)
01288.png (512,512,3)
01289.png (512,512,3)
01290.png (512,512,3)
01291.png (512,512,3)
01292.png (512,512,3)
01293.png (512,512,3)
01294.png (512,512,3)
01295.png (512,512,3)
01296.png (512,512,3)
01297.png (512,512,3)
01298.png (512,512,3)
01299.png (512,512,3)
01300.png (512,512,3)
01301.png (512,512,3)
01302.png (512,512,3)
01303.png (512,512,3)
01304.png (512,512,3)
01305.png (512,512,3)
01306.png (512,512,3)
01307.png (512,512,3)
01308.png (512,512,3)
01309.png (512,512,3)
01310.png (512,512,3)
01311.png (512,512,3)
01312.png (512,512,3)
01313.png (512,512,3)
01314.png (512,512,3)
01315.png (512,512,3)
01316.png (512,512,3)
01317.png (512,512,3)
01318.png (512,512,3)
01319.png (512,512,3)
01320.png (512,512,3)
01321.png (512,512,3)
01322.png (512,512,3)
01323.png (512,512,3)
01324.png (512,512,3)
01325.png (512,512,3)
01326.png (512,512,3)
01327.png (512,512,3)
01328.png (512,512,3)
01329.png (512,512,3)
01330.png (512,512,3)
01331.png (512,512,3)
01332.png (512,512,3)
01333.png (512,512,3)
01334.png (512,512,3)
01335.png (512,512,3)
01336.png (512,512,3)
01337.png (512,512,3)
01338.png (512,512,3)
01339.png (512,512,3)
01340.png (512,512,3)
01341.png (512,512,3)
01342.png (512,512,3)
01343.png (512,512,3)
01344.png (512,512,3)
01345.png (512,512,3)
01346.png (512,512,3)
01347.png (512,512,3)
01348.png (512,512,3)
01349.png (512,512,3)
01350.png (512,512,3)
01351.png (512,512,3)
01352.png (512,512,3)
01353.png (512,512,3)
01354.png (512,512,3)
01355.png (512,512,3)
01356.png (512,512,3)
01357.png (512,512,3)
01358.png (512,512,3)
01359.png (512,512,3)
01360.png (512,512,3)
01361.png (512,512,3)
01362.png (512,512,3)
01363.png (512,512,3)
01364.png (512,512,3)
01365.png (512,512,3)
01366.png (512,512,3)
01367.png (512,512,3)
01368.png (512,512,3)
01369.png (512,512,3)
01370.png (512,512,3)
01371.png (512,512,3)
01372.png (512,512,3)
01373.png (512,512,3)
01374.png (512,512,3)
01375.png (512,512,3)
01376.png (512,512,3)
01377.png (512,512,3)
01378.png (512,512,3)
01379.png (512,512,3)
01380.png (512,512,3)
01381.png (512,512,3)
01382.png (512,512,3)
01383.png (512,512,3)
01384.png (512,512,3)
01385.png (512,512,3)
01386.png (512,512,3)
01387.png (512,512,3)
01388.png (512,512,3)
01389.png (512,512,3)
01390.png (512,512,3)
01391.png (512,512,3)
01392.png (512,512,3)
01393.png (512,512,3)
01394.png (512,512,3)
01395.png (512,512,3)
01396.png (512,512,3)
01397.png (512,512,3)
01398.png (512,512,3)
01399.png (512,512,3)
01400.png (512,512,3)
01401.png (512,512,3)
01402.png (512,512,3)
01403.png (512,512,3)
01404.png (512,512,3)
01405.png (512,512,3)
01406.png (512,512,3)
01407.png (512,512,3)
01408.png (512,512,3)
01409.png (512,512,3)
01410.png (512,512,3)
01411.png (512,512,3)
01412.png (512,512,3)
01413.png (512,512,3)
01414.png (512,512,3)
01415.png (512,512,3)
01416.png (512,512,3)
01417.png (512,512,3)
01418.png (512,512,3)
01419.png (512,512,3)
01420.png (512,512,3)
01421.png (512,512,3)
01422.png (512,512,3)
01423.png (512,512,3)
01424.png (512,512,3)
01425.png (512,512,3)
01426.png (512,512,3)
01427.png (512,512,3)
01428.png (512,512,3)
01429.png (512,512,3)
01430.png (512,512,3)
01431.png (512,512,3)
01432.png (512,512,3)
01433.png (512,512,3)
01434.png (512,512,3)
01435.png (512,512,3)
01436.png (512,512,3)
01437.png (512,512,3)
01438.png (512,512,3)
01439.png (512,512,3)
01440.png (512,512,3)
01441.png (512,512,3)
01442.png (512,512,3)
01443.png (512,512,3)
01444.png (512,512,3)
01445.png (512,512,3)
01446.png (512,512,3)
01447.png (512,512,3)
01448.png (512,512,3)
01449.png (512,512,3)
01450.png (512,512,3)
01451.png (512,512,3)
01452.png (512,512,3)
01453.png (512,512,3)
01454.png (512,512,3)
01455.png (512,512,3)
01456.png (512,512,3)
01457.png (512,512,3)
01458.png (512,512,3)
01459.png (512,512,3)
01460.png (512,512,3)
01461.png (512,512,3)
01462.png (512,512,3)
01463.png (512,512,3)
01464.png (512,512,3)
01465.png (512,512,3)
01466.png (512,512,3)
01467.png (512,512,3)
01468.png (512,512,3)
01469.png (512,512,3)
01470.png (512,512,3)
01471.png (512,512,3)
01472.png (512,512,3)
01473.png (512,512,3)
01474.png (512,512,3)
01475.png (512,512,3)
01476.png (512,512,3)
01477.png (512,512,3)
01478.png (512,512,3)
01479.png (512,512,3)
01480.png (512,512,3)
01481.png (512,512,3)
01482.png (512,512,3)
01483.png (512,512,3)
01484.png (512,512,3)
01485.png (512,512,3)
01486.png (512,512,3)
01487.png (512,512,3)
01488.png (512,512,3)
01489.png (512,512,3)
01490.png (512,512,3)
01491.png (512,512,3)
01492.png (512,512,3)
01493.png (512,512,3)
01494.png (512,512,3)
01495.png (512,512,3)
01496.png (512,512,3)
01497.png (512,512,3)
01498.png (512,512,3)
01499.png (512,512,3)
01500.png (512,512,3)
01501.png (512,512,3)
01502.png (512,512,3)
01503.png (512,512,3)
01504.png (512,512,3)
01505.png (512,512,3)
01506.png (512,512,3)
01507.png (512,512,3)
01508.png (512,512,3)
01509.png (512,512,3)
01510.png (512,512,3)
01511.png (512,512,3)
01512.png (512,512,3)
01513.png (512,512,3)
01514.png (512,512,3)
01515.png (512,512,3)
01516.png (512,512,3)
01517.png (512,512,3)
01518.png (512,512,3)
01519.png (512,512,3)
01520.png (512,512,3)
01521.png (512,512,3)
01522.png (512,512,3)
01523.png (512,512,3)
01524.png (512,512,3)
01525.png (512,512,3)
01526.png (512,512,3)
01527.png (512,512,3)
01528.png (512,512,3)
01529.png (512,512,3)
01530.png (512,512,3)
01531.png (512,512,3)
01532.png (512,512,3)
01533.png (512,512,3)
01534.png (512,512,3)
01535.png (512,512,3)
01536.png (512,512,3)
01537.png (512,512,3)
01538.png (512,512,3)
01539.png (512,512,3)
01540.png (512,512,3)
01541.png (512,512,3)
01542.png (512,512,3)
01543.png (512,512,3)
01544.png (512,512,3)
01545.png (512,512,3)
01546.png (512,512,3)
01547.png (512,512,3)
01548.png (512,512,3)
01549.png (512,512,3)
01550.png (512,512,3)
01551.png (512,512,3)
01552.png (512,512,3)
01553.png (512,512,3)
01554.png (512,512,3)
01555.png (512,512,3)
01556.png (512,512,3)
01557.png (512,512,3)
01558.png (512,512,3)
01559.png (512,512,3)
01560.png (512,512,3)
01561.png (512,512,3)
01562.png (512,512,3)
01563.png (512,512,3)
01564.png (512,512,3)
01565.png (512,512,3)
01566.png (512,512,3)
01567.png (512,512,3)
01568.png (512,512,3)
01569.png (512,512,3)
01570.png (512,512,3)
01571.png (512,512,3)
01572.png (512,512,3)
01573.png (512,512,3)
01574.png (512,512,3)
01575.png (512,512,3)
01576.png (512,512,3)
01577.png (512,512,3)
01578.png (512,512,3)
01579.png (512,512,3)
01580.png (512,512,3)
01581.png (512,512,3)
01582.png (512,512,3)
01583.png (512,512,3)
01584.png (512,512,3)
01585.png (512,512,3)
01586.png (512,512,3)
01587.png (512,512,3)
01588.png (512,512,3)
01589.png (512,512,3)
01590.png (512,512,3)
01591.png (512,512,3)
01592.png (512,512,3)
01593.png (512,512,3)
01594.png (512,512,3)
01595.png (512,512,3)
01596.png (512,512,3)
01597.png (512,512,3)
01598.png (512,512,3)
01599.png (512,512,3)
01600.png (512,512,3)
01601.png (512,512,3)
01602.png (512,512,3)
01603.png (512,512,3)
01604.png (512,512,3)
01605.png (512,512,3)
01606.png (512,512,3)
01607.png (512,512,3)
01608.png (512,512,3)
01609.png (512,512,3)
01610.png (512,512,3)
01611.png (512,512,3)
01612.png (512,512,3)
01613.png (512,512,3)
01614.png (512,512,3)
01615.png (512,512,3)
01616.png (512,512,3)
01617.png (512,512,3)
01618.png (512,512,3)
01619.png (512,512,3)
01620.png (512,512,3)
01621.png (512,512,3)
01622.png (512,512,3)
01623.png (512,512,3)
01624.png (512,512,3)
01625.png (512,512,3)
01626.png (512,512,3)
01627.png (512,512,3)
01628.png (512,512,3)
01629.png (512,512,3)
01630.png (512,512,3)
01631.png (512,512,3)
01632.png (512,512,3)
01633.png (512,512,3)
01634.png (512,512,3)
01635.png (512,512,3)
01636.png (512,512,3)
01637.png (512,512,3)
01638.png (512,512,3)
01639.png (512,512,3)
01640.png (512,512,3)
01641.png (512,512,3)
01642.png (512,512,3)
01643.png (512,512,3)
01644.png (512,512,3)
01645.png (512,512,3)
01646.png (512,512,3)
01647.png (512,512,3)
01648.png (512,512,3)
01649.png (512,512,3)
01650.png (512,512,3)
01651.png (512,512,3)
01652.png (512,512,3)
01653.png (512,512,3)
01654.png (512,512,3)
01655.png (512,512,3)
01656.png (512,512,3)
01657.png (512,512,3)
01658.png (512,512,3)
01659.png (512,512,3)
01660.png (512,512,3)
01661.png (512,512,3)
01662.png (512,512,3)
01663.png (512,512,3)
01664.png (512,512,3)
01665.png (512,512,3)
01666.png (512,512,3)
01667.png (512,512,3)
01668.png (512,512,3)
01669.png (512,512,3)
01670.png (512,512,3)
01671.png (512,512,3)
01672.png (512,512,3)
01673.png (512,512,3)
01674.png (512,512,3)
01675.png (512,512,3)
01676.png (512,512,3)
01677.png (512,512,3)
01678.png (512,512,3)
01679.png (512,512,3)
01680.png (512,512,3)
01681.png (512,512,3)
01682.png (512,512,3)
01683.png (512,512,3)
01684.png (512,512,3)
01685.png (512,512,3)
01686.png (512,512,3)
01687.png (512,512,3)
01688.png (512,512,3)
01689.png (512,512,3)
01690.png (512,512,3)
01691.png (512,512,3)
01692.png (512,512,3)
01693.png (512,512,3)
01694.png (512,512,3)
01695.png (512,512,3)
01696.png (512,512,3)
01697.png (512,512,3)
01698.png (512,512,3)
01699.png (512,512,3)
01700.png (512,512,3)
01701.png (512,512,3)
01702.png (512,512,3)
01703.png (512,512,3)
01704.png (512,512,3)
01705.png (512,512,3)
01706.png (512,512,3)
01707.png (512,512,3)
01708.png (512,512,3)
01709.png (512,512,3)
01710.png (512,512,3)
01711.png (512,512,3)
01712.png (512,512,3)
01713.png (512,512,3)
01714.png (512,512,3)
01715.png (512,512,3)
01716.png (512,512,3)
01717.png (512,512,3)
01718.png (512,512,3)
01719.png (512,512,3)
01720.png (512,512,3)
01721.png (512,512,3)
01722.png (512,512,3)
01723.png (512,512,3)
01724.png (512,512,3)
01725.png (512,512,3)
01726.png (512,512,3)
01727.png (512,512,3)
01728.png (512,512,3)
01729.png (512,512,3)
01730.png (512,512,3)
01731.png (512,512,3)
01732.png (512,512,3)
01733.png (512,512,3)
01734.png (512,512,3)
01735.png (512,512,3)
01736.png (512,512,3)
01737.png (512,512,3)
01738.png (512,512,3)
01739.png (512,512,3)
01740.png (512,512,3)
01741.png (512,512,3)
01742.png (512,512,3)
01743.png (512,512,3)
01744.png (512,512,3)
01745.png (512,512,3)
01746.png (512,512,3)
01747.png (512,512,3)
01748.png (512,512,3)
01749.png (512,512,3)
01750.png (512,512,3)
01751.png (512,512,3)
01752.png (512,512,3)
01753.png (512,512,3)
01754.png (512,512,3)
01755.png (512,512,3)
01756.png (512,512,3)
01757.png (512,512,3)
01758.png (512,512,3)
01759.png (512,512,3)
01760.png (512,512,3)
01761.png (512,512,3)
01762.png (512,512,3)
01763.png (512,512,3)
01764.png (512,512,3)
01765.png (512,512,3)
01766.png (512,512,3)
01767.png (512,512,3)
01768.png (512,512,3)
01769.png (512,512,3)
01770.png (512,512,3)
01771.png (512,512,3)
01772.png (512,512,3)
01773.png (512,512,3)
01774.png (512,512,3)
01775.png (512,512,3)
01776.png (512,512,3)
01777.png (512,512,3)
01778.png (512,512,3)
01779.png (512,512,3)
01780.png (512,512,3)
01781.png (512,512,3)
01782.png (512,512,3)
01783.png (512,512,3)
01784.png (512,512,3)
01785.png (512,512,3)
01786.png (512,512,3)
01787.png (512,512,3)
01788.png (512,512,3)
01789.png (512,512,3)
01790.png (512,512,3)
01791.png (512,512,3)
01792.png (512,512,3)
01793.png (512,512,3)
01794.png (512,512,3)
01795.png (512,512,3)
01796.png (512,512,3)
01797.png (512,512,3)
01798.png (512,512,3)
01799.png (512,512,3)
01800.png (512,512,3)
01801.png (512,512,3)
01802.png (512,512,3)
01803.png (512,512,3)
01804.png (512,512,3)
01805.png (512,512,3)
01806.png (512,512,3)
01807.png (512,512,3)
01808.png (512,512,3)
01809.png (512,512,3)
01810.png (512,512,3)
01811.png (512,512,3)
01812.png (512,512,3)
01813.png (512,512,3)
01814.png (512,512,3)
01815.png (512,512,3)
01816.png (512,512,3)
01817.png (512,512,3)
01818.png (512,512,3)
01819.png (512,512,3)
01820.png (512,512,3)
01821.png (512,512,3)
01822.png (512,512,3)
01823.png (512,512,3)
01824.png (512,512,3)
01825.png (512,512,3)
01826.png (512,512,3)
01827.png (512,512,3)
01828.png (512,512,3)
01829.png (512,512,3)
01830.png (512,512,3)
01831.png (512,512,3)
01832.png (512,512,3)
01833.png (512,512,3)
01834.png (512,512,3)
01835.png (512,512,3)
01836.png (512,512,3)
01837.png (512,512,3)
01838.png (512,512,3)
01839.png (512,512,3)
01840.png (512,512,3)
01841.png (512,512,3)
01842.png (512,512,3)
01843.png (512,512,3)
01844.png (512,512,3)
01845.png (512,512,3)
01846.png (512,512,3)
01847.png (512,512,3)
01848.png (512,512,3)
01849.png (512,512,3)
01850.png (512,512,3)
01851.png (512,512,3)
01852.png (512,512,3)
01853.png (512,512,3)
01854.png (512,512,3)
01855.png (512,512,3)
01856.png (512,512,3)
01857.png (512,512,3)
01858.png (512,512,3)
01859.png (512,512,3)
01860.png (512,512,3)
01861.png (512,512,3)
01862.png (512,512,3)
01863.png (512,512,3)
01864.png (512,512,3)
01865.png (512,512,3)
01866.png (512,512,3)
01867.png (512,512,3)
01868.png (512,512,3)
01869.png (512,512,3)
01870.png (512,512,3)
01871.png (512,512,3)
01872.png (512,512,3)
01873.png (512,512,3)
01874.png (512,512,3)
01875.png (512,512,3)
01876.png (512,512,3)
01877.png (512,512,3)
01878.png (512,512,3)
01879.png (512,512,3)
01880.png (512,512,3)
01881.png (512,512,3)
01882.png (512,512,3)
01883.png (512,512,3)
01884.png (512,512,3)
01885.png (512,512,3)
01886.png (512,512,3)
01887.png (512,512,3)
01888.png (512,512,3)
01889.png (512,512,3)
01890.png (512,512,3)
01891.png (512,512,3)
01892.png (512,512,3)
01893.png (512,512,3)
01894.png (512,512,3)
01895.png (512,512,3)
01896.png (512,512,3)
01897.png (512,512,3)
01898.png (512,512,3)
01899.png (512,512,3)
01900.png (512,512,3)
01901.png (512,512,3)
01902.png (512,512,3)
01903.png (512,512,3)
01904.png (512,512,3)
01905.png (512,512,3)
01906.png (512,512,3)
01907.png (512,512,3)
01908.png (512,512,3)
01909.png (512,512,3)
01910.png (512,512,3)
01911.png (512,512,3)
01912.png (512,512,3)
01913.png (512,512,3)
01914.png (512,512,3)
01915.png (512,512,3)
01916.png (512,512,3)
01917.png (512,512,3)
01918.png (512,512,3)
01919.png (512,512,3)
01920.png (512,512,3)
01921.png (512,512,3)
01922.png (512,512,3)
01923.png (512,512,3)
01924.png (512,512,3)
01925.png (512,512,3)
01926.png (512,512,3)
01927.png (512,512,3)
01928.png (512,512,3)
01929.png (512,512,3)
01930.png (512,512,3)
01931.png (512,512,3)
01932.png (512,512,3)
01933.png (512,512,3)
01934.png (512,512,3)
01935.png (512,512,3)
01936.png (512,512,3)
01937.png (512,512,3)
01938.png (512,512,3)
01939.png (512,512,3)
01940.png (512,512,3)
01941.png (512,512,3)
01942.png (512,512,3)
01943.png (512,512,3)
01944.png (512,512,3)
01945.png (512,512,3)
01946.png (512,512,3)
01947.png (512,512,3)
01948.png (512,512,3)
01949.png (512,512,3)
01950.png (512,512,3)
01951.png (512,512,3)
01952.png (512,512,3)
01953.png (512,512,3)
01954.png (512,512,3)
01955.png (512,512,3)
01956.png (512,512,3)
01957.png (512,512,3)
01958.png (512,512,3)
01959.png (512,512,3)
01960.png (512,512,3)
01961.png (512,512,3)
01962.png (512,512,3)
01963.png (512,512,3)
01964.png (512,512,3)
01965.png (512,512,3)
01966.png (512,512,3)
01967.png (512,512,3)
01968.png (512,512,3)
01969.png (512,512,3)
01970.png (512,512,3)
01971.png (512,512,3)
01972.png (512,512,3)
01973.png (512,512,3)
01974.png (512,512,3)
01975.png (512,512,3)
01976.png (512,512,3)
01977.png (512,512,3)
01978.png (512,512,3)
01979.png (512,512,3)
01980.png (512,512,3)
01981.png (512,512,3)
01982.png (512,512,3)
01983.png (512,512,3)
01984.png (512,512,3)
01985.png (512,512,3)
01986.png (512,512,3)
01987.png (512,512,3)
01988.png (512,512,3)
01989.png (512,512,3)
01990.png (512,512,3)
01991.png (512,512,3)
01992.png (512,512,3)
01993.png (512,512,3)
01994.png (512,512,3)
01995.png (512,512,3)
01996.png (512,512,3)
01997.png (512,512,3)
01998.png (512,512,3)
01999.png (512,512,3)
02000.png (512,512,3)
02001.png (512,512,3)
02002.png (512,512,3)
02003.png (512,512,3)
02004.png (512,512,3)
02005.png (512,512,3)
02006.png (512,512,3)
02007.png (512,512,3)
02008.png (512,512,3)
02009.png (512,512,3)
02010.png (512,512,3)
02011.png (512,512,3)
02012.png (512,512,3)
02013.png (512,512,3)
02014.png (512,512,3)
02015.png (512,512,3)
02016.png (512,512,3)
02017.png (512,512,3)
02018.png (512,512,3)
02019.png (512,512,3)
02020.png (512,512,3)
02021.png (512,512,3)
02022.png (512,512,3)
02023.png (512,512,3)
02024.png (512,512,3)
02025.png (512,512,3)
02026.png (512,512,3)
02027.png (512,512,3)
02028.png (512,512,3)
02029.png (512,512,3)
02030.png (512,512,3)
02031.png (512,512,3)
02032.png (512,512,3)
02033.png (512,512,3)
02034.png (512,512,3)
02035.png (512,512,3)
02036.png (512,512,3)
02037.png (512,512,3)
02038.png (512,512,3)
02039.png (512,512,3)
02040.png (512,512,3)
02041.png (512,512,3)
02042.png (512,512,3)
02043.png (512,512,3)
02044.png (512,512,3)
02045.png (512,512,3)
02046.png (512,512,3)
02047.png (512,512,3)
02048.png (512,512,3)
02049.png (512,512,3)
02050.png (512,512,3)
02051.png (512,512,3)
02052.png (512,512,3)
02053.png (512,512,3)
02054.png (512,512,3)
02055.png (512,512,3)
02056.png (512,512,3)
02057.png (512,512,3)
02058.png (512,512,3)
02059.png (512,512,3)
02060.png (512,512,3)
02061.png (512,512,3)
02062.png (512,512,3)
02063.png (512,512,3)
02064.png (512,512,3)
02065.png (512,512,3)
02066.png (512,512,3)
02067.png (512,512,3)
02068.png (512,512,3)
02069.png (512,512,3)
02070.png (512,512,3)
02071.png (512,512,3)
02072.png (512,512,3)
02073.png (512,512,3)
02074.png (512,512,3)
02075.png (512,512,3)
02076.png (512,512,3)
02077.png (512,512,3)
02078.png (512,512,3)
02079.png (512,512,3)
02080.png (512,512,3)
02081.png (512,512,3)
02082.png (512,512,3)
02083.png (512,512,3)
02084.png (512,512,3)
02085.png (512,512,3)
02086.png (512,512,3)
02087.png (512,512,3)
02088.png (512,512,3)
02089.png (512,512,3)
02090.png (512,512,3)
02091.png (512,512,3)
02092.png (512,512,3)
02093.png (512,512,3)
02094.png (512,512,3)
02095.png (512,512,3)
02096.png (512,512,3)
02097.png (512,512,3)
02098.png (512,512,3)
02099.png (512,512,3)
02100.png (512,512,3)
02101.png (512,512,3)
02102.png (512,512,3)
02103.png (512,512,3)
02104.png (512,512,3)
02105.png (512,512,3)
02106.png (512,512,3)
02107.png (512,512,3)
02108.png (512,512,3)
02109.png (512,512,3)
02110.png (512,512,3)
02111.png (512,512,3)
02112.png (512,512,3)
02113.png (512,512,3)
02114.png (512,512,3)
02115.png (512,512,3)
02116.png (512,512,3)
02117.png (512,512,3)
02118.png (512,512,3)
02119.png (512,512,3)
02120.png (512,512,3)
02121.png (512,512,3)
02122.png (512,512,3)
02123.png (512,512,3)
02124.png (512,512,3)
02125.png (512,512,3)
02126.png (512,512,3)
02127.png (512,512,3)
02128.png (512,512,3)
02129.png (512,512,3)
02130.png (512,512,3)
02131.png (512,512,3)
02132.png (512,512,3)
02133.png (512,512,3)
02134.png (512,512,3)
02135.png (512,512,3)
02136.png (512,512,3)
02137.png (512,512,3)
02138.png (512,512,3)
02139.png (512,512,3)
02140.png (512,512,3)
02141.png (512,512,3)
02142.png (512,512,3)
02143.png (512,512,3)
02144.png (512,512,3)
02145.png (512,512,3)
02146.png (512,512,3)
02147.png (512,512,3)
02148.png (512,512,3)
02149.png (512,512,3)
02150.png (512,512,3)
02151.png (512,512,3)
02152.png (512,512,3)
02153.png (512,512,3)
02154.png (512,512,3)
02155.png (512,512,3)
02156.png (512,512,3)
02157.png (512,512,3)
02158.png (512,512,3)
02159.png (512,512,3)
02160.png (512,512,3)
02161.png (512,512,3)
02162.png (512,512,3)
02163.png (512,512,3)
02164.png (512,512,3)
02165.png (512,512,3)
02166.png (512,512,3)
02167.png (512,512,3)
02168.png (512,512,3)
02169.png (512,512,3)
02170.png (512,512,3)
02171.png (512,512,3)
02172.png (512,512,3)
02173.png (512,512,3)
02174.png (512,512,3)
02175.png (512,512,3)
02176.png (512,512,3)
02177.png (512,512,3)
02178.png (512,512,3)
02179.png (512,512,3)
02180.png (512,512,3)
02181.png (512,512,3)
02182.png (512,512,3)
02183.png (512,512,3)
02184.png (512,512,3)
02185.png (512,512,3)
02186.png (512,512,3)
02187.png (512,512,3)
02188.png (512,512,3)
02189.png (512,512,3)
02190.png (512,512,3)
02191.png (512,512,3)
02192.png (512,512,3)
02193.png (512,512,3)
02194.png (512,512,3)
02195.png (512,512,3)
02196.png (512,512,3)
02197.png (512,512,3)
02198.png (512,512,3)
02199.png (512,512,3)
02200.png (512,512,3)
02201.png (512,512,3)
02202.png (512,512,3)
02203.png (512,512,3)
02204.png (512,512,3)
02205.png (512,512,3)
02206.png (512,512,3)
02207.png (512,512,3)
02208.png (512,512,3)
02209.png (512,512,3)
02210.png (512,512,3)
02211.png (512,512,3)
02212.png (512,512,3)
02213.png (512,512,3)
02214.png (512,512,3)
02215.png (512,512,3)
02216.png (512,512,3)
02217.png (512,512,3)
02218.png (512,512,3)
02219.png (512,512,3)
02220.png (512,512,3)
02221.png (512,512,3)
02222.png (512,512,3)
02223.png (512,512,3)
02224.png (512,512,3)
02225.png (512,512,3)
02226.png (512,512,3)
02227.png (512,512,3)
02228.png (512,512,3)
02229.png (512,512,3)
02230.png (512,512,3)
02231.png (512,512,3)
02232.png (512,512,3)
02233.png (512,512,3)
02234.png (512,512,3)
02235.png (512,512,3)
02236.png (512,512,3)
02237.png (512,512,3)
02238.png (512,512,3)
02239.png (512,512,3)
02240.png (512,512,3)
02241.png (512,512,3)
02242.png (512,512,3)
02243.png (512,512,3)
02244.png (512,512,3)
02245.png (512,512,3)
02246.png (512,512,3)
02247.png (512,512,3)
02248.png (512,512,3)
02249.png (512,512,3)
02250.png (512,512,3)
02251.png (512,512,3)
02252.png (512,512,3)
02253.png (512,512,3)
02254.png (512,512,3)
02255.png (512,512,3)
02256.png (512,512,3)
02257.png (512,512,3)
02258.png (512,512,3)
02259.png (512,512,3)
02260.png (512,512,3)
02261.png (512,512,3)
02262.png (512,512,3)
02263.png (512,512,3)
02264.png (512,512,3)
02265.png (512,512,3)
02266.png (512,512,3)
02267.png (512,512,3)
02268.png (512,512,3)
02269.png (512,512,3)
02270.png (512,512,3)
02271.png (512,512,3)
02272.png (512,512,3)
02273.png (512,512,3)
02274.png (512,512,3)
02275.png (512,512,3)
02276.png (512,512,3)
02277.png (512,512,3)
02278.png (512,512,3)
02279.png (512,512,3)
02280.png (512,512,3)
02281.png (512,512,3)
02282.png (512,512,3)
02283.png (512,512,3)
02284.png (512,512,3)
02285.png (512,512,3)
02286.png (512,512,3)
02287.png (512,512,3)
02288.png (512,512,3)
02289.png (512,512,3)
02290.png (512,512,3)
02291.png (512,512,3)
02292.png (512,512,3)
02293.png (512,512,3)
02294.png (512,512,3)
02295.png (512,512,3)
02296.png (512,512,3)
02297.png (512,512,3)
02298.png (512,512,3)
02299.png (512,512,3)
02300.png (512,512,3)
02301.png (512,512,3)
02302.png (512,512,3)
02303.png (512,512,3)
02304.png (512,512,3)
02305.png (512,512,3)
02306.png (512,512,3)
02307.png (512,512,3)
02308.png (512,512,3)
02309.png (512,512,3)
02310.png (512,512,3)
02311.png (512,512,3)
02312.png (512,512,3)
02313.png (512,512,3)
02314.png (512,512,3)
02315.png (512,512,3)
02316.png (512,512,3)
02317.png (512,512,3)
02318.png (512,512,3)
02319.png (512,512,3)
02320.png (512,512,3)
02321.png (512,512,3)
02322.png (512,512,3)
02323.png (512,512,3)
02324.png (512,512,3)
02325.png (512,512,3)
02326.png (512,512,3)
02327.png (512,512,3)
02328.png (512,512,3)
02329.png (512,512,3)
02330.png (512,512,3)
02331.png (512,512,3)
02332.png (512,512,3)
02333.png (512,512,3)
02334.png (512,512,3)
02335.png (512,512,3)
02336.png (512,512,3)
02337.png (512,512,3)
02338.png (512,512,3)
02339.png (512,512,3)
02340.png (512,512,3)
02341.png (512,512,3)
02342.png (512,512,3)
02343.png (512,512,3)
02344.png (512,512,3)
02345.png (512,512,3)
02346.png (512,512,3)
02347.png (512,512,3)
02348.png (512,512,3)
02349.png (512,512,3)
02350.png (512,512,3)
02351.png (512,512,3)
02352.png (512,512,3)
02353.png (512,512,3)
02354.png (512,512,3)
02355.png (512,512,3)
02356.png (512,512,3)
02357.png (512,512,3)
02358.png (512,512,3)
02359.png (512,512,3)
02360.png (512,512,3)
02361.png (512,512,3)
02362.png (512,512,3)
02363.png (512,512,3)
02364.png (512,512,3)
02365.png (512,512,3)
02366.png (512,512,3)
02367.png (512,512,3)
02368.png (512,512,3)
02369.png (512,512,3)
02370.png (512,512,3)
02371.png (512,512,3)
02372.png (512,512,3)
02373.png (512,512,3)
02374.png (512,512,3)
02375.png (512,512,3)
02376.png (512,512,3)
02377.png (512,512,3)
02378.png (512,512,3)
02379.png (512,512,3)
02380.png (512,512,3)
02381.png (512,512,3)
02382.png (512,512,3)
02383.png (512,512,3)
02384.png (512,512,3)
02385.png (512,512,3)
02386.png (512,512,3)
02387.png (512,512,3)
02388.png (512,512,3)
02389.png (512,512,3)
02390.png (512,512,3)
02391.png (512,512,3)
02392.png (512,512,3)
02393.png (512,512,3)
02394.png (512,512,3)
02395.png (512,512,3)
02396.png (512,512,3)
02397.png (512,512,3)
02398.png (512,512,3)
02399.png (512,512,3)
02400.png (512,512,3)
02401.png (512,512,3)
02402.png (512,512,3)
02403.png (512,512,3)
02404.png (512,512,3)
02405.png (512,512,3)
02406.png (512,512,3)
02407.png (512,512,3)
02408.png (512,512,3)
02409.png (512,512,3)
02410.png (512,512,3)
02411.png (512,512,3)
02412.png (512,512,3)
02413.png (512,512,3)
02414.png (512,512,3)
02415.png (512,512,3)
02416.png (512,512,3)
02417.png (512,512,3)
02418.png (512,512,3)
02419.png (512,512,3)
02420.png (512,512,3)
02421.png (512,512,3)
02422.png (512,512,3)
02423.png (512,512,3)
02424.png (512,512,3)
02425.png (512,512,3)
02426.png (512,512,3)
02427.png (512,512,3)
02428.png (512,512,3)
02429.png (512,512,3)
02430.png (512,512,3)
02431.png (512,512,3)
02432.png (512,512,3)
02433.png (512,512,3)
02434.png (512,512,3)
02435.png (512,512,3)
02436.png (512,512,3)
02437.png (512,512,3)
02438.png (512,512,3)
02439.png (512,512,3)
02440.png (512,512,3)
02441.png (512,512,3)
02442.png (512,512,3)
02443.png (512,512,3)
02444.png (512,512,3)
02445.png (512,512,3)
02446.png (512,512,3)
02447.png (512,512,3)
02448.png (512,512,3)
02449.png (512,512,3)
02450.png (512,512,3)
02451.png (512,512,3)
02452.png (512,512,3)
02453.png (512,512,3)
02454.png (512,512,3)
02455.png (512,512,3)
02456.png (512,512,3)
02457.png (512,512,3)
02458.png (512,512,3)
02459.png (512,512,3)
02460.png (512,512,3)
02461.png (512,512,3)
02462.png (512,512,3)
02463.png (512,512,3)
02464.png (512,512,3)
02465.png (512,512,3)
02466.png (512,512,3)
02467.png (512,512,3)
02468.png (512,512,3)
02469.png (512,512,3)
02470.png (512,512,3)
02471.png (512,512,3)
02472.png (512,512,3)
02473.png (512,512,3)
02474.png (512,512,3)
02475.png (512,512,3)
02476.png (512,512,3)
02477.png (512,512,3)
02478.png (512,512,3)
02479.png (512,512,3)
02480.png (512,512,3)
02481.png (512,512,3)
02482.png (512,512,3)
02483.png (512,512,3)
02484.png (512,512,3)
02485.png (512,512,3)
02486.png (512,512,3)
02487.png (512,512,3)
02488.png (512,512,3)
02489.png (512,512,3)
02490.png (512,512,3)
02491.png (512,512,3)
02492.png (512,512,3)
02493.png (512,512,3)
02494.png (512,512,3)
02495.png (512,512,3)
02496.png (512,512,3)
02497.png (512,512,3)
02498.png (512,512,3)
02499.png (512,512,3)
02500.png (512,512,3)
02501.png (512,512,3)
02502.png (512,512,3)
02503.png (512,512,3)
02504.png (512,512,3)
02505.png (512,512,3)
02506.png (512,512,3)
02507.png (512,512,3)
02508.png (512,512,3)
02509.png (512,512,3)
02510.png (512,512,3)
02511.png (512,512,3)
02512.png (512,512,3)
02513.png (512,512,3)
02514.png (512,512,3)
02515.png (512,512,3)
02516.png (512,512,3)
02517.png (512,512,3)
02518.png (512,512,3)
02519.png (512,512,3)
02520.png (512,512,3)
02521.png (512,512,3)
02522.png (512,512,3)
02523.png (512,512,3)
02524.png (512,512,3)
02525.png (512,512,3)
02526.png (512,512,3)
02527.png (512,512,3)
02528.png (512,512,3)
02529.png (512,512,3)
02530.png (512,512,3)
02531.png (512,512,3)
02532.png (512,512,3)
02533.png (512,512,3)
02534.png (512,512,3)
02535.png (512,512,3)
02536.png (512,512,3)
02537.png (512,512,3)
02538.png (512,512,3)
02539.png (512,512,3)
02540.png (512,512,3)
02541.png (512,512,3)
02542.png (512,512,3)
02543.png (512,512,3)
02544.png (512,512,3)
02545.png (512,512,3)
02546.png (512,512,3)
02547.png (512,512,3)
02548.png (512,512,3)
02549.png (512,512,3)
02550.png (512,512,3)
02551.png (512,512,3)
02552.png (512,512,3)
02553.png (512,512,3)
02554.png (512,512,3)
02555.png (512,512,3)
02556.png (512,512,3)
02557.png (512,512,3)
02558.png (512,512,3)
02559.png (512,512,3)
02560.png (512,512,3)
02561.png (512,512,3)
02562.png (512,512,3)
02563.png (512,512,3)
02564.png (512,512,3)
02565.png (512,512,3)
02566.png (512,512,3)
02567.png (512,512,3)
02568.png (512,512,3)
02569.png (512,512,3)
02570.png (512,512,3)
02571.png (512,512,3)
02572.png (512,512,3)
02573.png (512,512,3)
02574.png (512,512,3)
02575.png (512,512,3)
02576.png (512,512,3)
02577.png (512,512,3)
02578.png (512,512,3)
02579.png (512,512,3)
02580.png (512,512,3)
02581.png (512,512,3)
02582.png (512,512,3)
02583.png (512,512,3)
02584.png (512,512,3)
02585.png (512,512,3)
02586.png (512,512,3)
02587.png (512,512,3)
02588.png (512,512,3)
02589.png (512,512,3)
02590.png (512,512,3)
02591.png (512,512,3)
02592.png (512,512,3)
02593.png (512,512,3)
02594.png (512,512,3)
02595.png (512,512,3)
02596.png (512,512,3)
02597.png (512,512,3)
02598.png (512,512,3)
02599.png (512,512,3)
02600.png (512,512,3)
02601.png (512,512,3)
02602.png (512,512,3)
02603.png (512,512,3)
02604.png (512,512,3)
02605.png (512,512,3)
02606.png (512,512,3)
02607.png (512,512,3)
02608.png (512,512,3)
02609.png (512,512,3)
02610.png (512,512,3)
02611.png (512,512,3)
02612.png (512,512,3)
02613.png (512,512,3)
02614.png (512,512,3)
02615.png (512,512,3)
02616.png (512,512,3)
02617.png (512,512,3)
02618.png (512,512,3)
02619.png (512,512,3)
02620.png (512,512,3)
02621.png (512,512,3)
02622.png (512,512,3)
02623.png (512,512,3)
02624.png (512,512,3)
02625.png (512,512,3)
02626.png (512,512,3)
02627.png (512,512,3)
02628.png (512,512,3)
02629.png (512,512,3)
02630.png (512,512,3)
02631.png (512,512,3)
02632.png (512,512,3)
02633.png (512,512,3)
02634.png (512,512,3)
02635.png (512,512,3)
02636.png (512,512,3)
02637.png (512,512,3)
02638.png (512,512,3)
02639.png (512,512,3)
02640.png (512,512,3)
02641.png (512,512,3)
02642.png (512,512,3)
02643.png (512,512,3)
02644.png (512,512,3)
02645.png (512,512,3)
02646.png (512,512,3)
02647.png (512,512,3)
02648.png (512,512,3)
02649.png (512,512,3)
02650.png (512,512,3)
02651.png (512,512,3)
02652.png (512,512,3)
02653.png (512,512,3)
02654.png (512,512,3)
02655.png (512,512,3)
02656.png (512,512,3)
02657.png (512,512,3)
02658.png (512,512,3)
02659.png (512,512,3)
02660.png (512,512,3)
02661.png (512,512,3)
02662.png (512,512,3)
02663.png (512,512,3)
02664.png (512,512,3)
02665.png (512,512,3)
02666.png (512,512,3)
02667.png (512,512,3)
02668.png (512,512,3)
02669.png (512,512,3)
02670.png (512,512,3)
02671.png (512,512,3)
02672.png (512,512,3)
02673.png (512,512,3)
02674.png (512,512,3)
02675.png (512,512,3)
02676.png (512,512,3)
02677.png (512,512,3)
02678.png (512,512,3)
02679.png (512,512,3)
02680.png (512,512,3)
02681.png (512,512,3)
02682.png (512,512,3)
02683.png (512,512,3)
02684.png (512,512,3)
02685.png (512,512,3)
02686.png (512,512,3)
02687.png (512,512,3)
02688.png (512,512,3)
02689.png (512,512,3)
02690.png (512,512,3)
02691.png (512,512,3)
02692.png (512,512,3)
02693.png (512,512,3)
02694.png (512,512,3)
02695.png (512,512,3)
02696.png (512,512,3)
02697.png (512,512,3)
02698.png (512,512,3)
02699.png (512,512,3)
02700.png (512,512,3)
02701.png (512,512,3)
02702.png (512,512,3)
02703.png (512,512,3)
02704.png (512,512,3)
02705.png (512,512,3)
02706.png (512,512,3)
02707.png (512,512,3)
02708.png (512,512,3)
02709.png (512,512,3)
02710.png (512,512,3)
02711.png (512,512,3)
02712.png (512,512,3)
02713.png (512,512,3)
02714.png (512,512,3)
02715.png (512,512,3)
02716.png (512,512,3)
02717.png (512,512,3)
02718.png (512,512,3)
02719.png (512,512,3)
02720.png (512,512,3)
02721.png (512,512,3)
02722.png (512,512,3)
02723.png (512,512,3)
02724.png (512,512,3)
02725.png (512,512,3)
02726.png (512,512,3)
02727.png (512,512,3)
02728.png (512,512,3)
02729.png (512,512,3)
02730.png (512,512,3)
02731.png (512,512,3)
02732.png (512,512,3)
02733.png (512,512,3)
02734.png (512,512,3)
02735.png (512,512,3)
02736.png (512,512,3)
02737.png (512,512,3)
02738.png (512,512,3)
02739.png (512,512,3)
02740.png (512,512,3)
02741.png (512,512,3)
02742.png (512,512,3)
02743.png (512,512,3)
02744.png (512,512,3)
02745.png (512,512,3)
02746.png (512,512,3)
02747.png (512,512,3)
02748.png (512,512,3)
02749.png (512,512,3)
02750.png (512,512,3)
02751.png (512,512,3)
02752.png (512,512,3)
02753.png (512,512,3)
02754.png (512,512,3)
02755.png (512,512,3)
02756.png (512,512,3)
02757.png (512,512,3)
02758.png (512,512,3)
02759.png (512,512,3)
02760.png (512,512,3)
02761.png (512,512,3)
02762.png (512,512,3)
02763.png (512,512,3)
02764.png (512,512,3)
02765.png (512,512,3)
02766.png (512,512,3)
02767.png (512,512,3)
02768.png (512,512,3)
02769.png (512,512,3)
02770.png (512,512,3)
02771.png (512,512,3)
02772.png (512,512,3)
02773.png (512,512,3)
02774.png (512,512,3)
02775.png (512,512,3)
02776.png (512,512,3)
02777.png (512,512,3)
02778.png (512,512,3)
02779.png (512,512,3)
02780.png (512,512,3)
02781.png (512,512,3)
02782.png (512,512,3)
02783.png (512,512,3)
02784.png (512,512,3)
02785.png (512,512,3)
02786.png (512,512,3)
02787.png (512,512,3)
02788.png (512,512,3)
02789.png (512,512,3)
02790.png (512,512,3)
02791.png (512,512,3)
02792.png (512,512,3)
02793.png (512,512,3)
02794.png (512,512,3)
02795.png (512,512,3)
02796.png (512,512,3)
02797.png (512,512,3)
02798.png (512,512,3)
02799.png (512,512,3)
02800.png (512,512,3)
02801.png (512,512,3)
02802.png (512,512,3)
02803.png (512,512,3)
02804.png (512,512,3)
02805.png (512,512,3)
02806.png (512,512,3)
02807.png (512,512,3)
02808.png (512,512,3)
02809.png (512,512,3)
02810.png (512,512,3)
02811.png (512,512,3)
02812.png (512,512,3)
02813.png (512,512,3)
02814.png (512,512,3)
02815.png (512,512,3)
02816.png (512,512,3)
02817.png (512,512,3)
02818.png (512,512,3)
02819.png (512,512,3)
02820.png (512,512,3)
02821.png (512,512,3)
02822.png (512,512,3)
02823.png (512,512,3)
02824.png (512,512,3)
02825.png (512,512,3)
02826.png (512,512,3)
02827.png (512,512,3)
02828.png (512,512,3)
02829.png (512,512,3)
02830.png (512,512,3)
02831.png (512,512,3)
02832.png (512,512,3)
02833.png (512,512,3)
02834.png (512,512,3)
02835.png (512,512,3)
02836.png (512,512,3)
02837.png (512,512,3)
02838.png (512,512,3)
02839.png (512,512,3)
02840.png (512,512,3)
02841.png (512,512,3)
02842.png (512,512,3)
02843.png (512,512,3)
02844.png (512,512,3)
02845.png (512,512,3)
02846.png (512,512,3)
02847.png (512,512,3)
02848.png (512,512,3)
02849.png (512,512,3)
02850.png (512,512,3)
02851.png (512,512,3)
02852.png (512,512,3)
02853.png (512,512,3)
02854.png (512,512,3)
02855.png (512,512,3)
02856.png (512,512,3)
02857.png (512,512,3)
02858.png (512,512,3)
02859.png (512,512,3)
02860.png (512,512,3)
02861.png (512,512,3)
02862.png (512,512,3)
02863.png (512,512,3)
02864.png (512,512,3)
02865.png (512,512,3)
02866.png (512,512,3)
02867.png (512,512,3)
02868.png (512,512,3)
02869.png (512,512,3)
02870.png (512,512,3)
02871.png (512,512,3)
02872.png (512,512,3)
02873.png (512,512,3)
02874.png (512,512,3)
02875.png (512,512,3)
02876.png (512,512,3)
02877.png (512,512,3)
02878.png (512,512,3)
02879.png (512,512,3)
02880.png (512,512,3)
02881.png (512,512,3)
02882.png (512,512,3)
02883.png (512,512,3)
02884.png (512,512,3)
02885.png (512,512,3)
02886.png (512,512,3)
02887.png (512,512,3)
02888.png (512,512,3)
02889.png (512,512,3)
02890.png (512,512,3)
02891.png (512,512,3)
02892.png (512,512,3)
02893.png (512,512,3)
02894.png (512,512,3)
02895.png (512,512,3)
02896.png (512,512,3)
02897.png (512,512,3)
02898.png (512,512,3)
02899.png (512,512,3)
02900.png (512,512,3)
02901.png (512,512,3)
02902.png (512,512,3)
02903.png (512,512,3)
02904.png (512,512,3)
02905.png (512,512,3)
02906.png (512,512,3)
02907.png (512,512,3)
02908.png (512,512,3)
02909.png (512,512,3)
02910.png (512,512,3)
02911.png (512,512,3)
02912.png (512,512,3)
02913.png (512,512,3)
02914.png (512,512,3)
02915.png (512,512,3)
02916.png (512,512,3)
02917.png (512,512,3)
02918.png (512,512,3)
02919.png (512,512,3)
02920.png (512,512,3)
02921.png (512,512,3)
02922.png (512,512,3)
02923.png (512,512,3)
02924.png (512,512,3)
02925.png (512,512,3)
02926.png (512,512,3)
02927.png (512,512,3)
02928.png (512,512,3)
02929.png (512,512,3)
02930.png (512,512,3)
02931.png (512,512,3)
02932.png (512,512,3)
02933.png (512,512,3)
02934.png (512,512,3)
02935.png (512,512,3)
02936.png (512,512,3)
02937.png (512,512,3)
02938.png (512,512,3)
02939.png (512,512,3)
02940.png (512,512,3)
02941.png (512,512,3)
02942.png (512,512,3)
02943.png (512,512,3)
02944.png (512,512,3)
02945.png (512,512,3)
02946.png (512,512,3)
02947.png (512,512,3)
02948.png (512,512,3)
02949.png (512,512,3)
02950.png (512,512,3)
02951.png (512,512,3)
02952.png (512,512,3)
02953.png (512,512,3)
02954.png (512,512,3)
02955.png (512,512,3)
02956.png (512,512,3)
02957.png (512,512,3)
02958.png (512,512,3)
02959.png (512,512,3)
02960.png (512,512,3)
02961.png (512,512,3)
02962.png (512,512,3)
02963.png (512,512,3)
02964.png (512,512,3)
02965.png (512,512,3)
02966.png (512,512,3)
02967.png (512,512,3)
02968.png (512,512,3)
02969.png (512,512,3)
02970.png (512,512,3)
02971.png (512,512,3)
02972.png (512,512,3)
02973.png (512,512,3)
02974.png (512,512,3)
02975.png (512,512,3)
02976.png (512,512,3)
02977.png (512,512,3)
02978.png (512,512,3)
02979.png (512,512,3)
02980.png (512,512,3)
02981.png (512,512,3)
02982.png (512,512,3)
02983.png (512,512,3)
02984.png (512,512,3)
02985.png (512,512,3)
02986.png (512,512,3)
02987.png (512,512,3)
02988.png (512,512,3)
02989.png (512,512,3)
02990.png (512,512,3)
02991.png (512,512,3)
02992.png (512,512,3)
02993.png (512,512,3)
02994.png (512,512,3)
02995.png (512,512,3)
02996.png (512,512,3)
02997.png (512,512,3)
02998.png (512,512,3)
02999.png (512,512,3)
03000.png (512,512,3)
03001.png (512,512,3)
03002.png (512,512,3)
03003.png (512,512,3)
03004.png (512,512,3)
03005.png (512,512,3)
03006.png (512,512,3)
03007.png (512,512,3)
03008.png (512,512,3)
03009.png (512,512,3)
03010.png (512,512,3)
03011.png (512,512,3)
03012.png (512,512,3)
03013.png (512,512,3)
03014.png (512,512,3)
03015.png (512,512,3)
03016.png (512,512,3)
03017.png (512,512,3)
03018.png (512,512,3)
03019.png (512,512,3)
03020.png (512,512,3)
03021.png (512,512,3)
03022.png (512,512,3)
03023.png (512,512,3)
03024.png (512,512,3)
03025.png (512,512,3)
03026.png (512,512,3)
03027.png (512,512,3)
03028.png (512,512,3)
03029.png (512,512,3)
03030.png (512,512,3)
03031.png (512,512,3)
03032.png (512,512,3)
03033.png (512,512,3)
03034.png (512,512,3)
03035.png (512,512,3)
03036.png (512,512,3)
03037.png (512,512,3)
03038.png (512,512,3)
03039.png (512,512,3)
03040.png (512,512,3)
03041.png (512,512,3)
03042.png (512,512,3)
03043.png (512,512,3)
03044.png (512,512,3)
03045.png (512,512,3)
03046.png (512,512,3)
03047.png (512,512,3)
03048.png (512,512,3)
03049.png (512,512,3)
03050.png (512,512,3)
03051.png (512,512,3)
03052.png (512,512,3)
03053.png (512,512,3)
03054.png (512,512,3)
03055.png (512,512,3)
03056.png (512,512,3)
03057.png (512,512,3)
03058.png (512,512,3)
03059.png (512,512,3)
03060.png (512,512,3)
03061.png (512,512,3)
03062.png (512,512,3)
03063.png (512,512,3)
03064.png (512,512,3)
03065.png (512,512,3)
03066.png (512,512,3)
03067.png (512,512,3)
03068.png (512,512,3)
03069.png (512,512,3)
03070.png (512,512,3)
03071.png (512,512,3)
03072.png (512,512,3)
03073.png (512,512,3)
03074.png (512,512,3)
03075.png (512,512,3)
03076.png (512,512,3)
03077.png (512,512,3)
03078.png (512,512,3)
03079.png (512,512,3)
03080.png (512,512,3)
03081.png (512,512,3)
03082.png (512,512,3)
03083.png (512,512,3)
03084.png (512,512,3)
03085.png (512,512,3)
03086.png (512,512,3)
03087.png (512,512,3)
03088.png (512,512,3)
03089.png (512,512,3)
03090.png (512,512,3)
03091.png (512,512,3)
03092.png (512,512,3)
03093.png (512,512,3)
03094.png (512,512,3)
03095.png (512,512,3)
03096.png (512,512,3)
03097.png (512,512,3)
03098.png (512,512,3)
03099.png (512,512,3)
03100.png (512,512,3)
03101.png (512,512,3)
03102.png (512,512,3)
03103.png (512,512,3)
03104.png (512,512,3)
03105.png (512,512,3)
03106.png (512,512,3)
03107.png (512,512,3)
03108.png (512,512,3)
03109.png (512,512,3)
03110.png (512,512,3)
03111.png (512,512,3)
03112.png (512,512,3)
03113.png (512,512,3)
03114.png (512,512,3)
03115.png (512,512,3)
03116.png (512,512,3)
03117.png (512,512,3)
03118.png (512,512,3)
03119.png (512,512,3)
03120.png (512,512,3)
03121.png (512,512,3)
03122.png (512,512,3)
03123.png (512,512,3)
03124.png (512,512,3)
03125.png (512,512,3)
03126.png (512,512,3)
03127.png (512,512,3)
03128.png (512,512,3)
03129.png (512,512,3)
03130.png (512,512,3)
03131.png (512,512,3)
03132.png (512,512,3)
03133.png (512,512,3)
03134.png (512,512,3)
03135.png (512,512,3)
03136.png (512,512,3)
03137.png (512,512,3)
03138.png (512,512,3)
03139.png (512,512,3)
03140.png (512,512,3)
03141.png (512,512,3)
03142.png (512,512,3)
03143.png (512,512,3)
03144.png (512,512,3)
03145.png (512,512,3)
03146.png (512,512,3)
03147.png (512,512,3)
03148.png (512,512,3)
03149.png (512,512,3)
03150.png (512,512,3)
03151.png (512,512,3)
03152.png (512,512,3)
03153.png (512,512,3)
03154.png (512,512,3)
03155.png (512,512,3)
03156.png (512,512,3)
03157.png (512,512,3)
03158.png (512,512,3)
03159.png (512,512,3)
03160.png (512,512,3)
03161.png (512,512,3)
03162.png (512,512,3)
03163.png (512,512,3)
03164.png (512,512,3)
03165.png (512,512,3)
03166.png (512,512,3)
03167.png (512,512,3)
03168.png (512,512,3)
03169.png (512,512,3)
03170.png (512,512,3)
03171.png (512,512,3)
03172.png (512,512,3)
03173.png (512,512,3)
03174.png (512,512,3)
03175.png (512,512,3)
03176.png (512,512,3)
03177.png (512,512,3)
03178.png (512,512,3)
03179.png (512,512,3)
03180.png (512,512,3)
03181.png (512,512,3)
03182.png (512,512,3)
03183.png (512,512,3)
03184.png (512,512,3)
03185.png (512,512,3)
03186.png (512,512,3)
03187.png (512,512,3)
03188.png (512,512,3)
03189.png (512,512,3)
03190.png (512,512,3)
03191.png (512,512,3)
03192.png (512,512,3)
03193.png (512,512,3)
03194.png (512,512,3)
03195.png (512,512,3)
03196.png (512,512,3)
03197.png (512,512,3)
03198.png (512,512,3)
03199.png (512,512,3)
03200.png (512,512,3)
03201.png (512,512,3)
03202.png (512,512,3)
03203.png (512,512,3)
03204.png (512,512,3)
03205.png (512,512,3)
03206.png (512,512,3)
03207.png (512,512,3)
03208.png (512,512,3)
03209.png (512,512,3)
03210.png (512,512,3)
03211.png (512,512,3)
03212.png (512,512,3)
03213.png (512,512,3)
03214.png (512,512,3)
03215.png (512,512,3)
03216.png (512,512,3)
03217.png (512,512,3)
03218.png (512,512,3)
03219.png (512,512,3)
03220.png (512,512,3)
03221.png (512,512,3)
03222.png (512,512,3)
03223.png (512,512,3)
03224.png (512,512,3)
03225.png (512,512,3)
03226.png (512,512,3)
03227.png (512,512,3)
03228.png (512,512,3)
03229.png (512,512,3)
03230.png (512,512,3)
03231.png (512,512,3)
03232.png (512,512,3)
03233.png (512,512,3)
03234.png (512,512,3)
03235.png (512,512,3)
03236.png (512,512,3)
03237.png (512,512,3)
03238.png (512,512,3)
03239.png (512,512,3)
03240.png (512,512,3)
03241.png (512,512,3)
03242.png (512,512,3)
03243.png (512,512,3)
03244.png (512,512,3)
03245.png (512,512,3)
03246.png (512,512,3)
03247.png (512,512,3)
03248.png (512,512,3)
03249.png (512,512,3)
03250.png (512,512,3)
03251.png (512,512,3)
03252.png (512,512,3)
03253.png (512,512,3)
03254.png (512,512,3)
03255.png (512,512,3)
03256.png (512,512,3)
03257.png (512,512,3)
03258.png (512,512,3)
03259.png (512,512,3)
03260.png (512,512,3)
03261.png (512,512,3)
03262.png (512,512,3)
03263.png (512,512,3)
03264.png (512,512,3)
03265.png (512,512,3)
03266.png (512,512,3)
03267.png (512,512,3)
03268.png (512,512,3)
03269.png (512,512,3)
03270.png (512,512,3)
03271.png (512,512,3)
03272.png (512,512,3)
03273.png (512,512,3)
03274.png (512,512,3)
03275.png (512,512,3)
03276.png (512,512,3)
03277.png (512,512,3)
03278.png (512,512,3)
03279.png (512,512,3)
03280.png (512,512,3)
03281.png (512,512,3)
03282.png (512,512,3)
03283.png (512,512,3)
03284.png (512,512,3)
03285.png (512,512,3)
03286.png (512,512,3)
03287.png (512,512,3)
03288.png (512,512,3)
03289.png (512,512,3)
03290.png (512,512,3)
03291.png (512,512,3)
03292.png (512,512,3)
03293.png (512,512,3)
03294.png (512,512,3)
03295.png (512,512,3)
03296.png (512,512,3)
03297.png (512,512,3)
03298.png (512,512,3)
03299.png (512,512,3)
03300.png (512,512,3)
03301.png (512,512,3)
03302.png (512,512,3)
03303.png (512,512,3)
03304.png (512,512,3)
03305.png (512,512,3)
03306.png (512,512,3)
03307.png (512,512,3)
03308.png (512,512,3)
03309.png (512,512,3)
03310.png (512,512,3)
03311.png (512,512,3)
03312.png (512,512,3)
03313.png (512,512,3)
03314.png (512,512,3)
03315.png (512,512,3)
03316.png (512,512,3)
03317.png (512,512,3)
03318.png (512,512,3)
03319.png (512,512,3)
03320.png (512,512,3)
03321.png (512,512,3)
03322.png (512,512,3)
03323.png (512,512,3)
03324.png (512,512,3)
03325.png (512,512,3)
03326.png (512,512,3)
03327.png (512,512,3)
03328.png (512,512,3)
03329.png (512,512,3)
03330.png (512,512,3)
03331.png (512,512,3)
03332.png (512,512,3)
03333.png (512,512,3)
03334.png (512,512,3)
03335.png (512,512,3)
03336.png (512,512,3)
03337.png (512,512,3)
03338.png (512,512,3)
03339.png (512,512,3)
03340.png (512,512,3)
03341.png (512,512,3)
03342.png (512,512,3)
03343.png (512,512,3)
03344.png (512,512,3)
03345.png (512,512,3)
03346.png (512,512,3)
03347.png (512,512,3)
03348.png (512,512,3)
03349.png (512,512,3)
03350.png (512,512,3)
03351.png (512,512,3)
03352.png (512,512,3)
03353.png (512,512,3)
03354.png (512,512,3)
03355.png (512,512,3)
03356.png (512,512,3)
03357.png (512,512,3)
03358.png (512,512,3)
03359.png (512,512,3)
03360.png (512,512,3)
03361.png (512,512,3)
03362.png (512,512,3)
03363.png (512,512,3)
03364.png (512,512,3)
03365.png (512,512,3)
03366.png (512,512,3)
03367.png (512,512,3)
03368.png (512,512,3)
03369.png (512,512,3)
03370.png (512,512,3)
03371.png (512,512,3)
03372.png (512,512,3)
03373.png (512,512,3)
03374.png (512,512,3)
03375.png (512,512,3)
03376.png (512,512,3)
03377.png (512,512,3)
03378.png (512,512,3)
03379.png (512,512,3)
03380.png (512,512,3)
03381.png (512,512,3)
03382.png (512,512,3)
03383.png (512,512,3)
03384.png (512,512,3)
03385.png (512,512,3)
03386.png (512,512,3)
03387.png (512,512,3)
03388.png (512,512,3)
03389.png (512,512,3)
03390.png (512,512,3)
03391.png (512,512,3)
03392.png (512,512,3)
03393.png (512,512,3)
03394.png (512,512,3)
03395.png (512,512,3)
03396.png (512,512,3)
03397.png (512,512,3)
03398.png (512,512,3)
03399.png (512,512,3)
03400.png (512,512,3)
03401.png (512,512,3)
03402.png (512,512,3)
03403.png (512,512,3)
03404.png (512,512,3)
03405.png (512,512,3)
03406.png (512,512,3)
03407.png (512,512,3)
03408.png (512,512,3)
03409.png (512,512,3)
03410.png (512,512,3)
03411.png (512,512,3)
03412.png (512,512,3)
03413.png (512,512,3)
03414.png (512,512,3)
03415.png (512,512,3)
03416.png (512,512,3)
03417.png (512,512,3)
03418.png (512,512,3)
03419.png (512,512,3)
03420.png (512,512,3)
03421.png (512,512,3)
03422.png (512,512,3)
03423.png (512,512,3)
03424.png (512,512,3)
03425.png (512,512,3)
03426.png (512,512,3)
03427.png (512,512,3)
03428.png (512,512,3)
03429.png (512,512,3)
03430.png (512,512,3)
03431.png (512,512,3)
03432.png (512,512,3)
03433.png (512,512,3)
03434.png (512,512,3)
03435.png (512,512,3)
03436.png (512,512,3)
03437.png (512,512,3)
03438.png (512,512,3)
03439.png (512,512,3)
03440.png (512,512,3)
03441.png (512,512,3)
03442.png (512,512,3)
03443.png (512,512,3)
03444.png (512,512,3)
03445.png (512,512,3)
03446.png (512,512,3)
03447.png (512,512,3)
03448.png (512,512,3)
03449.png (512,512,3)
03450.png (512,512,3)
03451.png (512,512,3)
03452.png (512,512,3)
03453.png (512,512,3)
03454.png (512,512,3)
03455.png (512,512,3)
03456.png (512,512,3)
03457.png (512,512,3)
03458.png (512,512,3)
03459.png (512,512,3)
03460.png (512,512,3)
03461.png (512,512,3)
03462.png (512,512,3)
03463.png (512,512,3)
03464.png (512,512,3)
03465.png (512,512,3)
03466.png (512,512,3)
03467.png (512,512,3)
03468.png (512,512,3)
03469.png (512,512,3)
03470.png (512,512,3)
03471.png (512,512,3)
03472.png (512,512,3)
03473.png (512,512,3)
03474.png (512,512,3)
03475.png (512,512,3)
03476.png (512,512,3)
03477.png (512,512,3)
03478.png (512,512,3)
03479.png (512,512,3)
03480.png (512,512,3)
03481.png (512,512,3)
03482.png (512,512,3)
03483.png (512,512,3)
03484.png (512,512,3)
03485.png (512,512,3)
03486.png (512,512,3)
03487.png (512,512,3)
03488.png (512,512,3)
03489.png (512,512,3)
03490.png (512,512,3)
03491.png (512,512,3)
03492.png (512,512,3)
03493.png (512,512,3)
03494.png (512,512,3)
03495.png (512,512,3)
03496.png (512,512,3)
03497.png (512,512,3)
03498.png (512,512,3)
03499.png (512,512,3)
03500.png (512,512,3)
03501.png (512,512,3)
03502.png (512,512,3)
03503.png (512,512,3)
03504.png (512,512,3)
03505.png (512,512,3)
03506.png (512,512,3)
03507.png (512,512,3)
03508.png (512,512,3)
03509.png (512,512,3)
03510.png (512,512,3)
03511.png (512,512,3)
03512.png (512,512,3)
03513.png (512,512,3)
03514.png (512,512,3)
03515.png (512,512,3)
03516.png (512,512,3)
03517.png (512,512,3)
03518.png (512,512,3)
03519.png (512,512,3)
03520.png (512,512,3)
03521.png (512,512,3)
03522.png (512,512,3)
03523.png (512,512,3)
03524.png (512,512,3)
03525.png (512,512,3)
03526.png (512,512,3)
03527.png (512,512,3)
03528.png (512,512,3)
03529.png (512,512,3)
03530.png (512,512,3)
03531.png (512,512,3)
03532.png (512,512,3)
03533.png (512,512,3)
03534.png (512,512,3)
03535.png (512,512,3)
03536.png (512,512,3)
03537.png (512,512,3)
03538.png (512,512,3)
03539.png (512,512,3)
03540.png (512,512,3)
03541.png (512,512,3)
03542.png (512,512,3)
03543.png (512,512,3)
03544.png (512,512,3)
03545.png (512,512,3)
03546.png (512,512,3)
03547.png (512,512,3)
03548.png (512,512,3)
03549.png (512,512,3)
03550.png (512,512,3)
03551.png (512,512,3)
03552.png (512,512,3)
03553.png (512,512,3)
03554.png (512,512,3)
03555.png (512,512,3)
03556.png (512,512,3)
03557.png (512,512,3)
03558.png (512,512,3)
03559.png (512,512,3)
03560.png (512,512,3)
03561.png (512,512,3)
03562.png (512,512,3)
03563.png (512,512,3)
03564.png (512,512,3)
03565.png (512,512,3)
03566.png (512,512,3)
03567.png (512,512,3)
03568.png (512,512,3)
03569.png (512,512,3)
03570.png (512,512,3)
03571.png (512,512,3)
03572.png (512,512,3)
03573.png (512,512,3)
03574.png (512,512,3)
03575.png (512,512,3)
03576.png (512,512,3)
03577.png (512,512,3)
03578.png (512,512,3)
03579.png (512,512,3)
03580.png (512,512,3)
03581.png (512,512,3)
03582.png (512,512,3)
03583.png (512,512,3)
03584.png (512,512,3)
03585.png (512,512,3)
03586.png (512,512,3)
03587.png (512,512,3)
03588.png (512,512,3)
03589.png (512,512,3)
03590.png (512,512,3)
03591.png (512,512,3)
03592.png (512,512,3)
03593.png (512,512,3)
03594.png (512,512,3)
03595.png (512,512,3)
03596.png (512,512,3)
03597.png (512,512,3)
03598.png (512,512,3)
03599.png (512,512,3)
03600.png (512,512,3)
03601.png (512,512,3)
03602.png (512,512,3)
03603.png (512,512,3)
03604.png (512,512,3)
03605.png (512,512,3)
03606.png (512,512,3)
03607.png (512,512,3)
03608.png (512,512,3)
03609.png (512,512,3)
03610.png (512,512,3)
03611.png (512,512,3)
03612.png (512,512,3)
03613.png (512,512,3)
03614.png (512,512,3)
03615.png (512,512,3)
03616.png (512,512,3)
03617.png (512,512,3)
03618.png (512,512,3)
03619.png (512,512,3)
03620.png (512,512,3)
03621.png (512,512,3)
03622.png (512,512,3)
03623.png (512,512,3)
03624.png (512,512,3)
03625.png (512,512,3)
03626.png (512,512,3)
03627.png (512,512,3)
03628.png (512,512,3)
03629.png (512,512,3)
03630.png (512,512,3)
03631.png (512,512,3)
03632.png (512,512,3)
03633.png (512,512,3)
03634.png (512,512,3)
03635.png (512,512,3)
03636.png (512,512,3)
03637.png (512,512,3)
03638.png (512,512,3)
03639.png (512,512,3)
03640.png (512,512,3)
03641.png (512,512,3)
03642.png (512,512,3)
03643.png (512,512,3)
03644.png (512,512,3)
03645.png (512,512,3)
03646.png (512,512,3)
03647.png (512,512,3)
03648.png (512,512,3)
03649.png (512,512,3)
03650.png (512,512,3)
03651.png (512,512,3)
03652.png (512,512,3)
03653.png (512,512,3)
03654.png (512,512,3)
03655.png (512,512,3)
03656.png (512,512,3)
03657.png (512,512,3)
03658.png (512,512,3)
03659.png (512,512,3)
03660.png (512,512,3)
03661.png (512,512,3)
03662.png (512,512,3)
03663.png (512,512,3)
03664.png (512,512,3)
03665.png (512,512,3)
03666.png (512,512,3)
03667.png (512,512,3)
03668.png (512,512,3)
03669.png (512,512,3)
03670.png (512,512,3)
03671.png (512,512,3)
03672.png (512,512,3)
03673.png (512,512,3)
03674.png (512,512,3)
03675.png (512,512,3)
03676.png (512,512,3)
03677.png (512,512,3)
03678.png (512,512,3)
03679.png (512,512,3)
03680.png (512,512,3)
03681.png (512,512,3)
03682.png (512,512,3)
03683.png (512,512,3)
03684.png (512,512,3)
03685.png (512,512,3)
03686.png (512,512,3)
03687.png (512,512,3)
03688.png (512,512,3)
03689.png (512,512,3)
03690.png (512,512,3)
03691.png (512,512,3)
03692.png (512,512,3)
03693.png (512,512,3)
03694.png (512,512,3)
03695.png (512,512,3)
03696.png (512,512,3)
03697.png (512,512,3)
03698.png (512,512,3)
03699.png (512,512,3)
03700.png (512,512,3)
03701.png (512,512,3)
03702.png (512,512,3)
03703.png (512,512,3)
03704.png (512,512,3)
03705.png (512,512,3)
03706.png (512,512,3)
03707.png (512,512,3)
03708.png (512,512,3)
03709.png (512,512,3)
03710.png (512,512,3)
03711.png (512,512,3)
03712.png (512,512,3)
03713.png (512,512,3)
03714.png (512,512,3)
03715.png (512,512,3)
03716.png (512,512,3)
03717.png (512,512,3)
03718.png (512,512,3)
03719.png (512,512,3)
03720.png (512,512,3)
03721.png (512,512,3)
03722.png (512,512,3)
03723.png (512,512,3)
03724.png (512,512,3)
03725.png (512,512,3)
03726.png (512,512,3)
03727.png (512,512,3)
03728.png (512,512,3)
03729.png (512,512,3)
03730.png (512,512,3)
03731.png (512,512,3)
03732.png (512,512,3)
03733.png (512,512,3)
03734.png (512,512,3)
03735.png (512,512,3)
03736.png (512,512,3)
03737.png (512,512,3)
03738.png (512,512,3)
03739.png (512,512,3)
03740.png (512,512,3)
03741.png (512,512,3)
03742.png (512,512,3)
03743.png (512,512,3)
03744.png (512,512,3)
03745.png (512,512,3)
03746.png (512,512,3)
03747.png (512,512,3)
03748.png (512,512,3)
03749.png (512,512,3)
03750.png (512,512,3)
03751.png (512,512,3)
03752.png (512,512,3)
03753.png (512,512,3)
03754.png (512,512,3)
03755.png (512,512,3)
03756.png (512,512,3)
03757.png (512,512,3)
03758.png (512,512,3)
03759.png (512,512,3)
03760.png (512,512,3)
03761.png (512,512,3)
03762.png (512,512,3)
03763.png (512,512,3)
03764.png (512,512,3)
03765.png (512,512,3)
03766.png (512,512,3)
03767.png (512,512,3)
03768.png (512,512,3)
03769.png (512,512,3)
03770.png (512,512,3)
03771.png (512,512,3)
03772.png (512,512,3)
03773.png (512,512,3)
03774.png (512,512,3)
03775.png (512,512,3)
03776.png (512,512,3)
03777.png (512,512,3)
03778.png (512,512,3)
03779.png (512,512,3)
03780.png (512,512,3)
03781.png (512,512,3)
03782.png (512,512,3)
03783.png (512,512,3)
03784.png (512,512,3)
03785.png (512,512,3)
03786.png (512,512,3)
03787.png (512,512,3)
03788.png (512,512,3)
03789.png (512,512,3)
03790.png (512,512,3)
03791.png (512,512,3)
03792.png (512,512,3)
03793.png (512,512,3)
03794.png (512,512,3)
03795.png (512,512,3)
03796.png (512,512,3)
03797.png (512,512,3)
03798.png (512,512,3)
03799.png (512,512,3)
03800.png (512,512,3)
03801.png (512,512,3)
03802.png (512,512,3)
03803.png (512,512,3)
03804.png (512,512,3)
03805.png (512,512,3)
03806.png (512,512,3)
03807.png (512,512,3)
03808.png (512,512,3)
03809.png (512,512,3)
03810.png (512,512,3)
03811.png (512,512,3)
03812.png (512,512,3)
03813.png (512,512,3)
03814.png (512,512,3)
03815.png (512,512,3)
03816.png (512,512,3)
03817.png (512,512,3)
03818.png (512,512,3)
03819.png (512,512,3)
03820.png (512,512,3)
03821.png (512,512,3)
03822.png (512,512,3)
03823.png (512,512,3)
03824.png (512,512,3)
03825.png (512,512,3)
03826.png (512,512,3)
03827.png (512,512,3)
03828.png (512,512,3)
03829.png (512,512,3)
03830.png (512,512,3)
03831.png (512,512,3)
03832.png (512,512,3)
03833.png (512,512,3)
03834.png (512,512,3)
03835.png (512,512,3)
03836.png (512,512,3)
03837.png (512,512,3)
03838.png (512,512,3)
03839.png (512,512,3)
03840.png (512,512,3)
03841.png (512,512,3)
03842.png (512,512,3)
03843.png (512,512,3)
03844.png (512,512,3)
03845.png (512,512,3)
03846.png (512,512,3)
03847.png (512,512,3)
03848.png (512,512,3)
03849.png (512,512,3)
03850.png (512,512,3)
03851.png (512,512,3)
03852.png (512,512,3)
03853.png (512,512,3)
03854.png (512,512,3)
03855.png (512,512,3)
03856.png (512,512,3)
03857.png (512,512,3)
03858.png (512,512,3)
03859.png (512,512,3)
03860.png (512,512,3)
03861.png (512,512,3)
03862.png (512,512,3)
03863.png (512,512,3)
03864.png (512,512,3)
03865.png (512,512,3)
03866.png (512,512,3)
03867.png (512,512,3)
03868.png (512,512,3)
03869.png (512,512,3)
03870.png (512,512,3)
03871.png (512,512,3)
03872.png (512,512,3)
03873.png (512,512,3)
03874.png (512,512,3)
03875.png (512,512,3)
03876.png (512,512,3)
03877.png (512,512,3)
03878.png (512,512,3)
03879.png (512,512,3)
03880.png (512,512,3)
03881.png (512,512,3)
03882.png (512,512,3)
03883.png (512,512,3)
03884.png (512,512,3)
03885.png (512,512,3)
03886.png (512,512,3)
03887.png (512,512,3)
03888.png (512,512,3)
03889.png (512,512,3)
03890.png (512,512,3)
03891.png (512,512,3)
03892.png (512,512,3)
03893.png (512,512,3)
03894.png (512,512,3)
03895.png (512,512,3)
03896.png (512,512,3)
03897.png (512,512,3)
03898.png (512,512,3)
03899.png (512,512,3)
03900.png (512,512,3)
03901.png (512,512,3)
03902.png (512,512,3)
03903.png (512,512,3)
03904.png (512,512,3)
03905.png (512,512,3)
03906.png (512,512,3)
03907.png (512,512,3)
03908.png (512,512,3)
03909.png (512,512,3)
03910.png (512,512,3)
03911.png (512,512,3)
03912.png (512,512,3)
03913.png (512,512,3)
03914.png (512,512,3)
03915.png (512,512,3)
03916.png (512,512,3)
03917.png (512,512,3)
03918.png (512,512,3)
03919.png (512,512,3)
03920.png (512,512,3)
03921.png (512,512,3)
03922.png (512,512,3)
03923.png (512,512,3)
03924.png (512,512,3)
03925.png (512,512,3)
03926.png (512,512,3)
03927.png (512,512,3)
03928.png (512,512,3)
03929.png (512,512,3)
03930.png (512,512,3)
03931.png (512,512,3)
03932.png (512,512,3)
03933.png (512,512,3)
03934.png (512,512,3)
03935.png (512,512,3)
03936.png (512,512,3)
03937.png (512,512,3)
03938.png (512,512,3)
03939.png (512,512,3)
03940.png (512,512,3)
03941.png (512,512,3)
03942.png (512,512,3)
03943.png (512,512,3)
03944.png (512,512,3)
03945.png (512,512,3)
03946.png (512,512,3)
03947.png (512,512,3)
03948.png (512,512,3)
03949.png (512,512,3)
03950.png (512,512,3)
03951.png (512,512,3)
03952.png (512,512,3)
03953.png (512,512,3)
03954.png (512,512,3)
03955.png (512,512,3)
03956.png (512,512,3)
03957.png (512,512,3)
03958.png (512,512,3)
03959.png (512,512,3)
03960.png (512,512,3)
03961.png (512,512,3)
03962.png (512,512,3)
03963.png (512,512,3)
03964.png (512,512,3)
03965.png (512,512,3)
03966.png (512,512,3)
03967.png (512,512,3)
03968.png (512,512,3)
03969.png (512,512,3)
03970.png (512,512,3)
03971.png (512,512,3)
03972.png (512,512,3)
03973.png (512,512,3)
03974.png (512,512,3)
03975.png (512,512,3)
03976.png (512,512,3)
03977.png (512,512,3)
03978.png (512,512,3)
03979.png (512,512,3)
03980.png (512,512,3)
03981.png (512,512,3)
03982.png (512,512,3)
03983.png (512,512,3)
03984.png (512,512,3)
03985.png (512,512,3)
03986.png (512,512,3)
03987.png (512,512,3)
03988.png (512,512,3)
03989.png (512,512,3)
03990.png (512,512,3)
03991.png (512,512,3)
03992.png (512,512,3)
03993.png (512,512,3)
03994.png (512,512,3)
03995.png (512,512,3)
03996.png (512,512,3)
03997.png (512,512,3)
03998.png (512,512,3)
03999.png (512,512,3)
